1 10 0 4
1 10 1 4
1 10 10 4
1 10 11 4
1 10 12 4
1 10 13 4
1 10 14 4
1 10 15 4
1 10 16 3
1 10 17 3
1 10 18 3
1 10 19 3
1 10 2 4
1 10 20 3
1 10 21 3
1 10 22 3
1 10 23 3
1 10 24 3
1 10 25 3
1 10 26 3
1 10 27 3
1 10 28 3
1 10 29 3
1 10 3 4
1 10 30 3
1 10 31 3
1 10 32 4
1 10 33 4
1 10 34 4
1 10 35 4
1 10 36 4
1 10 37 4
1 10 38 4
1 10 39 4
1 10 4 4
1 10 40 4
1 10 41 4
1 10 42 4
1 10 43 4
1 10 44 4
1 10 45 4
1 10 46 4
1 10 47 4
1 10 48 4
1 10 49 4
1 10 5 4
1 10 50 4
1 10 51 4
1 10 52 4
1 10 53 4
1 10 54 4
1 10 55 4
1 10 56 4
1 10 57 4
1 10 58 4
1 10 59 4
1 10 6 4
1 10 60 4
1 10 61 4
1 10 62 4
1 10 63 4
1 10 7 4
1 10 8 4
1 10 9 4
1 11 0 3
1 11 1 3
1 11 10 4
1 11 11 3
1 11 12 3
1 11 13 3
1 11 14 3
1 11 15 3
1 11 16 3
1 11 17 4
1 11 18 3
1 11 19 3
1 11 2 3
1 11 20 3
1 11 21 3
1 11 22 3
1 11 23 3
1 11 24 3
1 11 25 3
1 11 26 3
1 11 27 3
1 11 28 4
1 11 29 3
1 11 3 3
1 11 30 3
1 11 31 3
1 11 32 4
1 11 33 4
1 11 34 4
1 11 35 4
1 11 36 4
1 11 37 4
1 11 38 4
1 11 39 4
1 11 4 4
1 11 40 4
1 11 41 4
1 11 42 4
1 11 43 4
1 11 44 4
1 11 45 4
1 11 46 4
1 11 47 4
1 11 48 4
1 11 49 4
1 11 5 3
1 11 50 4
1 11 51 4
1 11 52 4
1 11 53 4
1 11 54 4
1 11 55 4
1 11 56 4
1 11 57 4
1 11 58 4
1 11 59 3
1 11 6 3
1 11 60 3
1 11 61 3
1 11 62 4
1 11 63 3
1 11 7 3
1 11 8 3
1 11 9 3
1 12 0 3
1 12 1 3
1 12 10 3
1 12 11 3
1 12 12 3
1 12 13 3
1 12 14 3
1 12 15 3
1 12 16 3
1 12 17 3
1 12 18 3
1 12 19 3
1 12 2 3
1 12 20 3
1 12 21 3
1 12 22 3
1 12 23 3
1 12 24 3
1 12 25 3
1 12 26 3
1 12 27 3
1 12 28 3
1 12 29 3
1 12 3 3
1 12 30 3
1 12 31 3
1 12 32 5
1 12 33 3
1 12 34 3
1 12 35 3
1 12 36 3
1 12 37 3
1 12 38 3
1 12 39 3
1 12 4 3
1 12 40 3
1 12 41 3
1 12 42 3
1 12 43 3
1 12 44 3
1 12 45 3
1 12 46 3
1 12 47 3
1 12 48 3
1 12 49 3
1 12 5 3
1 12 50 3
1 12 51 3
1 12 52 3
1 12 53 3
1 12 54 3
1 12 55 3
1 12 56 3
1 12 57 3
1 12 58 3
1 12 59 3
1 12 6 3
1 12 60 3
1 12 61 3
1 12 62 3
1 12 63 3
1 12 7 3
1 12 8 3
1 12 9 3
1 13 0 9
1 13 1 10
1 13 10 9
1 13 11 9
1 13 12 9
1 13 13 9
1 13 14 9
1 13 15 9
1 13 16 9
1 13 17 9
1 13 18 9
1 13 19 9
1 13 2 9
1 13 20 9
1 13 21 9
1 13 22 9
1 13 23 9
1 13 24 9
1 13 25 9
1 13 26 9
1 13 27 9
1 13 28 9
1 13 29 9
1 13 3 9
1 13 30 9
1 13 31 9
1 13 32 10
1 13 33 9
1 13 34 10
1 13 35 9
1 13 36 9
1 13 37 9
1 13 38 9
1 13 39 9
1 13 4 10
1 13 40 9
1 13 41 9
1 13 42 9
1 13 43 9
1 13 44 9
1 13 45 9
1 13 46 9
1 13 47 9
1 13 48 9
1 13 49 9
1 13 5 9
1 13 50 9
1 13 51 10
1 13 52 9
1 13 53 9
1 13 54 9
1 13 55 9
1 13 56 9
1 13 57 9
1 13 58 9
1 13 59 9
1 13 6 9
1 13 60 9
1 13 61 9
1 13 62 9
1 13 63 10
1 13 7 9
1 13 8 9
1 13 9 9
1 14 0 8
1 14 1 8
1 14 10 8
1 14 11 9
1 14 12 8
1 14 13 8
1 14 14 8
1 14 15 8
1 14 16 7
1 14 17 8
1 14 18 8
1 14 19 7
1 14 2 8
1 14 20 8
1 14 21 7
1 14 22 8
1 14 23 8
1 14 24 8
1 14 25 7
1 14 26 8
1 14 27 8
1 14 28 7
1 14 29 7
1 14 3 8
1 14 30 8
1 14 31 7
1 14 32 8
1 14 33 8
1 14 34 8
1 14 35 8
1 14 36 9
1 14 37 8
1 14 38 8
1 14 39 9
1 14 4 8
1 14 40 9
1 14 41 8
1 14 42 9
1 14 43 8
1 14 44 9
1 14 45 9
1 14 46 8
1 14 47 8
1 14 48 3
1 14 49 3
1 14 5 8
1 14 50 3
1 14 51 3
1 14 52 3
1 14 53 3
1 14 54 3
1 14 55 3
1 14 56 3
1 14 57 3
1 14 58 3
1 14 59 3
1 14 6 7
1 14 60 3
1 14 61 3
1 14 62 3
1 14 63 3
1 14 7 8
1 14 8 8
1 14 9 8
1 15 0 7
1 15 1 8
1 15 10 7
1 15 11 7
1 15 12 7
1 15 13 7
1 15 14 8
1 15 15 7
1 15 16 7
1 15 17 7
1 15 18 7
1 15 19 7
1 15 2 8
1 15 20 7
1 15 21 7
1 15 22 7
1 15 23 7
1 15 24 7
1 15 25 7
1 15 26 7
1 15 27 7
1 15 28 7
1 15 29 7
1 15 3 7
1 15 30 7
1 15 31 7
1 15 32 7
1 15 33 7
1 15 34 8
1 15 35 8
1 15 36 8
1 15 37 8
1 15 38 7
1 15 39 8
1 15 4 7
1 15 40 8
1 15 41 7
1 15 42 8
1 15 43 7
1 15 44 8
1 15 45 7
1 15 46 7
1 15 47 7
1 15 48 8
1 15 49 8
1 15 5 7
1 15 50 7
1 15 51 7
1 15 52 7
1 15 53 7
1 15 54 7
1 15 55 7
1 15 56 7
1 15 57 7
1 15 58 7
1 15 59 7
1 15 6 7
1 15 60 7
1 15 61 7
1 15 62 8
1 15 63 7
1 15 7 7
1 15 8 7
1 15 9 7
1 16 0 7
1 16 1 7
1 16 10 7
1 16 11 7
1 16 12 7
1 16 13 7
1 16 14 7
1 16 15 7
1 16 16 6
1 16 17 6
1 16 18 6
1 16 19 6
1 16 2 7
1 16 20 7
1 16 21 6
1 16 22 6
1 16 23 7
1 16 24 6
1 16 25 7
1 16 26 6
1 16 27 7
1 16 28 6
1 16 29 6
1 16 3 7
1 16 30 7
1 16 31 7
1 16 32 7
1 16 33 7
1 16 34 7
1 16 35 8
1 16 36 7
1 16 37 7
1 16 38 7
1 16 39 7
1 16 4 7
1 16 40 7
1 16 41 7
1 16 42 7
1 16 43 7
1 16 44 7
1 16 45 7
1 16 46 7
1 16 47 7
1 16 48 3
1 16 49 3
1 16 5 7
1 16 50 3
1 16 51 3
1 16 52 3
1 16 53 3
1 16 54 3
1 16 55 3
1 16 56 3
1 16 57 3
1 16 58 3
1 16 59 3
1 16 6 7
1 16 60 3
1 16 61 3
1 16 62 3
1 16 63 2
1 16 7 7
1 16 8 7
1 16 9 7
1 17 0 6
1 17 1 6
1 17 10 7
1 17 11 6
1 17 12 6
1 17 13 7
1 17 14 6
1 17 15 6
1 17 16 7
1 17 17 7
1 17 18 7
1 17 19 7
1 17 2 7
1 17 20 7
1 17 21 7
1 17 22 7
1 17 23 7
1 17 24 7
1 17 25 7
1 17 26 7
1 17 27 6
1 17 28 7
1 17 29 6
1 17 3 7
1 17 30 7
1 17 31 7
1 17 32 2
1 17 33 12
1 17 34 12
1 17 35 12
1 17 36 12
1 17 37 12
1 17 38 12
1 17 39 12
1 17 4 7
1 17 40 12
1 17 41 12
1 17 42 12
1 17 43 12
1 17 44 12
1 17 45 12
1 17 46 12
1 17 47 11
1 17 48 3
1 17 49 3
1 17 5 6
1 17 50 3
1 17 51 3
1 17 52 3
1 17 53 3
1 17 54 3
1 17 55 3
1 17 56 3
1 17 57 3
1 17 58 3
1 17 59 3
1 17 6 7
1 17 60 3
1 17 61 3
1 17 62 3
1 17 63 3
1 17 7 7
1 17 8 8
1 17 9 6
1 18 0 3
1 18 1 3
1 18 10 3
1 18 11 3
1 18 12 3
1 18 13 3
1 18 14 3
1 18 15 3
1 18 16 3
1 18 17 3
1 18 18 3
1 18 19 3
1 18 2 3
1 18 20 3
1 18 21 3
1 18 22 3
1 18 23 3
1 18 24 3
1 18 25 3
1 18 26 3
1 18 27 3
1 18 28 3
1 18 29 3
1 18 3 3
1 18 30 3
1 18 31 3
1 18 32 3
1 18 33 3
1 18 34 3
1 18 35 3
1 18 36 3
1 18 37 3
1 18 38 3
1 18 39 3
1 18 4 3
1 18 40 3
1 18 41 3
1 18 42 3
1 18 43 3
1 18 44 3
1 18 45 3
1 18 46 3
1 18 47 3
1 18 48 3
1 18 49 362
1 18 5 3
1 18 50 320
1 18 51 388
1 18 52 318
1 18 53 218
1 18 54 172
1 18 55 38
1 18 56 39
1 18 57 39
1 18 58 39
1 18 59 186
1 18 6 3
1 18 60 319
1 18 61 340
1 18 62 348
1 18 63 9
1 18 7 3
1 18 8 3
1 18 9 3
1 8 0 4
1 8 1 4
1 8 10 4
1 8 11 4
1 8 12 4
1 8 13 5
1 8 14 5
1 8 15 8
1 8 16 2
1 8 17 16
1 8 18 17
1 8 19 16
1 8 2 4
1 8 20 111
1 8 21 17
1 8 22 19
1 8 23 17
1 8 24 17
1 8 25 18
1 8 26 17
1 8 27 17
1 8 28 16
1 8 29 16
1 8 3 4
1 8 30 19
1 8 31 16
1 8 32 2
1 8 33 2
1 8 34 2
1 8 35 2
1 8 36 2
1 8 37 2
1 8 38 2
1 8 39 2
1 8 4 4
1 8 40 2
1 8 41 2
1 8 42 2
1 8 43 2
1 8 44 2
1 8 45 2
1 8 46 2
1 8 47 2
1 8 48 2
1 8 49 2
1 8 5 4
1 8 50 2
1 8 51 2
1 8 52 2
1 8 53 2
1 8 54 2
1 8 55 2
1 8 56 2
1 8 57 2
1 8 58 2
1 8 59 2
1 8 6 4
1 8 60 2
1 8 61 2
1 8 62 2
1 8 63 2
1 8 7 4
1 8 8 4
1 8 9 4
1 9 0 2
1 9 1 3
1 9 10 3
1 9 11 3
1 9 12 3
1 9 13 5
1 9 14 3
1 9 15 3
1 9 16 4
1 9 17 4
1 9 18 4
1 9 19 4
1 9 2 3
1 9 20 4
1 9 21 4
1 9 22 4
1 9 23 4
1 9 24 4
1 9 25 4
1 9 26 4
1 9 27 4
1 9 28 4
1 9 29 4
1 9 3 3
1 9 30 4
1 9 31 4
1 9 32 4
1 9 33 5
1 9 34 4
1 9 35 4
1 9 36 4
1 9 37 4
1 9 38 4
1 9 39 4
1 9 4 3
1 9 40 4
1 9 41 4
1 9 42 4
1 9 43 4
1 9 44 4
1 9 45 4
1 9 46 4
1 9 47 4
1 9 48 3
1 9 49 15
1 9 5 3
1 9 50 16
1 9 51 16
1 9 52 16
1 9 53 15
1 9 54 16
1 9 55 16
1 9 56 16
1 9 57 16
1 9 58 16
1 9 59 6
1 9 6 3
1 9 60 18
1 9 61 16
1 9 62 3
1 9 63 15
1 9 7 16
1 9 8 3
1 9 9 3
2 10 0 9
2 10 1 4
2 10 10 9
2 10 11 4
2 10 12 9
2 10 13 4
2 10 14 9
2 10 15 4
2 10 16 8
2 10 17 4
2 10 18 10
2 10 19 4
2 10 2 9
2 10 20 9
2 10 21 4
2 10 22 9
2 10 23 4
2 10 24 10
2 10 25 4
2 10 26 10
2 10 27 4
2 10 28 10
2 10 29 5
2 10 3 4
2 10 30 10
2 10 31 5
2 10 32 7
2 10 33 6
2 10 34 6
2 10 35 6
2 10 36 6
2 10 37 6
2 10 38 6
2 10 39 6
2 10 4 9
2 10 40 7
2 10 41 6
2 10 42 6
2 10 43 6
2 10 44 6
2 10 45 6
2 10 46 6
2 10 47 6
2 10 48 6
2 10 49 6
2 10 5 4
2 10 50 6
2 10 51 6
2 10 52 6
2 10 53 6
2 10 54 6
2 10 55 6
2 10 56 6
2 10 57 6
2 10 58 6
2 10 59 6
2 10 6 9
2 10 60 6
2 10 61 6
2 10 62 6
2 10 63 6
2 10 7 4
2 10 8 9
2 10 9 4
2 11 0 9
2 11 1 4
2 11 10 9
2 11 11 4
2 11 12 9
2 11 13 4
2 11 14 10
2 11 15 4
2 11 16 9
2 11 17 5
2 11 18 10
2 11 19 5
2 11 2 10
2 11 20 9
2 11 21 5
2 11 22 9
2 11 23 5
2 11 24 10
2 11 25 5
2 11 26 9
2 11 27 5
2 11 28 9
2 11 29 5
2 11 3 4
2 11 30 9
2 11 31 5
2 11 32 6
2 11 33 6
2 11 34 6
2 11 35 6
2 11 36 6
2 11 37 6
2 11 38 6
2 11 39 7
2 11 4 9
2 11 40 6
2 11 41 6
2 11 42 6
2 11 43 6
2 11 44 6
2 11 45 6
2 11 46 6
2 11 47 6
2 11 48 6
2 11 49 6
2 11 5 4
2 11 50 6
2 11 51 6
2 11 52 6
2 11 53 6
2 11 54 6
2 11 55 6
2 11 56 7
2 11 57 6
2 11 58 6
2 11 59 6
2 11 6 9
2 11 60 6
2 11 61 6
2 11 62 6
2 11 63 6
2 11 7 4
2 11 8 9
2 11 9 4
2 12 0 10
2 12 1 4
2 12 10 10
2 12 11 4
2 12 12 9
2 12 13 4
2 12 14 10
2 12 15 4
2 12 16 9
2 12 17 5
2 12 18 9
2 12 19 4
2 12 2 9
2 12 20 9
2 12 21 4
2 12 22 10
2 12 23 4
2 12 24 10
2 12 25 4
2 12 26 10
2 12 27 5
2 12 28 10
2 12 29 4
2 12 3 4
2 12 30 9
2 12 31 4
2 12 32 6
2 12 33 6
2 12 34 6
2 12 35 6
2 12 36 6
2 12 37 6
2 12 38 6
2 12 39 6
2 12 4 10
2 12 40 6
2 12 41 6
2 12 42 6
2 12 43 6
2 12 44 6
2 12 45 6
2 12 46 6
2 12 47 6
2 12 48 6
2 12 49 6
2 12 5 4
2 12 50 6
2 12 51 6
2 12 52 6
2 12 53 6
2 12 54 6
2 12 55 6
2 12 56 6
2 12 57 6
2 12 58 6
2 12 59 6
2 12 6 10
2 12 60 6
2 12 61 6
2 12 62 6
2 12 63 6
2 12 7 4
2 12 8 10
2 12 9 4
2 13 0 9
2 13 1 4
2 13 10 9
2 13 11 4
2 13 12 10
2 13 13 4
2 13 14 9
2 13 15 4
2 13 16 9
2 13 17 4
2 13 18 9
2 13 19 4
2 13 2 9
2 13 20 9
2 13 21 4
2 13 22 9
2 13 23 4
2 13 24 9
2 13 25 4
2 13 26 10
2 13 27 4
2 13 28 9
2 13 29 4
2 13 3 4
2 13 30 9
2 13 31 4
2 13 32 6
2 13 33 6
2 13 34 6
2 13 35 6
2 13 36 6
2 13 37 6
2 13 38 6
2 13 39 6
2 13 4 9
2 13 40 6
2 13 41 6
2 13 42 6
2 13 43 6
2 13 44 6
2 13 45 6
2 13 46 6
2 13 47 6
2 13 48 6
2 13 49 6
2 13 5 4
2 13 50 6
2 13 51 6
2 13 52 6
2 13 53 6
2 13 54 6
2 13 55 6
2 13 56 6
2 13 57 6
2 13 58 6
2 13 59 6
2 13 6 9
2 13 60 6
2 13 61 6
2 13 62 6
2 13 63 6
2 13 7 4
2 13 8 9
2 13 9 4
2 14 0 10
2 14 1 4
2 14 10 9
2 14 11 4
2 14 12 10
2 14 13 4
2 14 14 9
2 14 15 4
2 14 16 9
2 14 17 5
2 14 18 10
2 14 19 4
2 14 2 9
2 14 20 10
2 14 21 4
2 14 22 9
2 14 23 4
2 14 24 10
2 14 25 4
2 14 26 9
2 14 27 4
2 14 28 10
2 14 29 5
2 14 3 4
2 14 30 9
2 14 31 4
2 14 32 6
2 14 33 6
2 14 34 6
2 14 35 6
2 14 36 6
2 14 37 6
2 14 38 6
2 14 39 6
2 14 4 9
2 14 40 6
2 14 41 6
2 14 42 6
2 14 43 6
2 14 44 6
2 14 45 6
2 14 46 6
2 14 47 6
2 14 48 6
2 14 49 6
2 14 5 4
2 14 50 6
2 14 51 6
2 14 52 6
2 14 53 6
2 14 54 6
2 14 55 6
2 14 56 6
2 14 57 6
2 14 58 6
2 14 59 6
2 14 6 10
2 14 60 6
2 14 61 6
2 14 62 6
2 14 63 6
2 14 7 4
2 14 8 9
2 14 9 4
2 15 0 9
2 15 1 4
2 15 10 9
2 15 11 4
2 15 12 9
2 15 13 4
2 15 14 9
2 15 15 4
2 15 16 9
2 15 17 4
2 15 18 9
2 15 19 4
2 15 2 9
2 15 20 9
2 15 21 4
2 15 22 9
2 15 23 4
2 15 24 9
2 15 25 4
2 15 26 10
2 15 27 4
2 15 28 9
2 15 29 4
2 15 3 4
2 15 30 9
2 15 31 4
2 15 32 6
2 15 33 6
2 15 34 6
2 15 35 6
2 15 36 6
2 15 37 6
2 15 38 6
2 15 39 6
2 15 4 9
2 15 40 6
2 15 41 6
2 15 42 7
2 15 43 6
2 15 44 6
2 15 45 6
2 15 46 7
2 15 47 6
2 15 48 6
2 15 49 6
2 15 5 4
2 15 50 6
2 15 51 6
2 15 52 6
2 15 53 6
2 15 54 6
2 15 55 6
2 15 56 6
2 15 57 6
2 15 58 6
2 15 59 6
2 15 6 9
2 15 60 6
2 15 61 6
2 15 62 6
2 15 63 6
2 15 7 4
2 15 8 9
2 15 9 4
2 16 0 9
2 16 1 4
2 16 10 9
2 16 11 4
2 16 12 9
2 16 13 4
2 16 14 10
2 16 15 4
2 16 16 10
2 16 17 4
2 16 18 10
2 16 19 4
2 16 2 9
2 16 20 10
2 16 21 4
2 16 22 9
2 16 23 5
2 16 24 10
2 16 25 5
2 16 26 10
2 16 27 4
2 16 28 9
2 16 29 5
2 16 3 4
2 16 30 10
2 16 31 4
2 16 32 6
2 16 33 6
2 16 34 6
2 16 35 6
2 16 36 6
2 16 37 6
2 16 38 6
2 16 39 6
2 16 4 9
2 16 40 6
2 16 41 6
2 16 42 6
2 16 43 6
2 16 44 6
2 16 45 6
2 16 46 6
2 16 47 6
2 16 48 6
2 16 49 6
2 16 5 4
2 16 50 7
2 16 51 6
2 16 52 6
2 16 53 6
2 16 54 6
2 16 55 6
2 16 56 6
2 16 57 6
2 16 58 6
2 16 59 6
2 16 6 9
2 16 60 6
2 16 61 6
2 16 62 6
2 16 63 6
2 16 7 4
2 16 8 10
2 16 9 4
2 17 0 9
2 17 1 4
2 17 10 9
2 17 11 4
2 17 12 9
2 17 13 4
2 17 14 9
2 17 15 4
2 17 16 10
2 17 17 6
2 17 18 11
2 17 19 6
2 17 2 9
2 17 20 11
2 17 21 6
2 17 22 10
2 17 23 6
2 17 24 10
2 17 25 6
2 17 26 10
2 17 27 6
2 17 28 10
2 17 29 6
2 17 3 4
2 17 30 10
2 17 31 6
2 17 32 2
2 17 33 2
2 17 34 2
2 17 35 2
2 17 36 3
2 17 37 3
2 17 38 2
2 17 39 3
2 17 4 9
2 17 40 2
2 17 41 2
2 17 42 3
2 17 43 3
2 17 44 2
2 17 45 3
2 17 46 3
2 17 47 2
2 17 48 6
2 17 49 6
2 17 5 4
2 17 50 6
2 17 51 6
2 17 52 6
2 17 53 6
2 17 54 6
2 17 55 6
2 17 56 7
2 17 57 6
2 17 58 6
2 17 59 6
2 17 6 10
2 17 60 6
2 17 61 6
2 17 62 6
2 17 63 6
2 17 7 4
2 17 8 10
2 17 9 4
2 18 0 9
2 18 1 4
2 18 10 9
2 18 11 4
2 18 12 10
2 18 13 4
2 18 14 9
2 18 15 4
2 18 16 9
2 18 17 4
2 18 18 9
2 18 19 4
2 18 2 9
2 18 20 9
2 18 21 4
2 18 22 10
2 18 23 4
2 18 24 9
2 18 25 4
2 18 26 9
2 18 27 4
2 18 28 9
2 18 29 4
2 18 3 4
2 18 30 9
2 18 31 4
2 18 32 6
2 18 33 6
2 18 34 6
2 18 35 6
2 18 36 6
2 18 37 6
2 18 38 6
2 18 39 6
2 18 4 9
2 18 40 6
2 18 41 6
2 18 42 7
2 18 43 6
2 18 44 6
2 18 45 6
2 18 46 6
2 18 47 6
2 18 48 6
2 18 49 6
2 18 5 4
2 18 50 6
2 18 51 6
2 18 52 6
2 18 53 6
2 18 54 6
2 18 55 6
2 18 56 6
2 18 57 6
2 18 58 6
2 18 59 6
2 18 6 9
2 18 60 6
2 18 61 6
2 18 62 6
2 18 63 6
2 18 7 4
2 18 8 10
2 18 9 4
2 4 0 9
2 4 1 5
2 4 10 10
2 4 11 5
2 4 12 9
2 4 13 5
2 4 14 10
2 4 15 5
2 4 16 9
2 4 17 5
2 4 18 9
2 4 19 5
2 4 2 10
2 4 20 9
2 4 21 5
2 4 22 9
2 4 23 5
2 4 24 10
2 4 25 5
2 4 26 10
2 4 27 5
2 4 28 9
2 4 29 5
2 4 3 5
2 4 30 10
2 4 31 6
2 4 32 6
2 4 33 6
2 4 34 6
2 4 35 6
2 4 36 6
2 4 37 6
2 4 38 6
2 4 39 6
2 4 4 9
2 4 40 6
2 4 41 6
2 4 42 6
2 4 43 6
2 4 44 6
2 4 45 6
2 4 46 6
2 4 47 6
2 4 48 6
2 4 49 6
2 4 5 5
2 4 50 6
2 4 51 6
2 4 52 6
2 4 53 6
2 4 54 6
2 4 55 6
2 4 56 6
2 4 57 6
2 4 58 6
2 4 59 6
2 4 6 10
2 4 60 6
2 4 61 6
2 4 62 6
2 4 63 6
2 4 7 5
2 4 8 9
2 4 9 5
2 5 0 9
2 5 1 5
2 5 10 9
2 5 11 5
2 5 12 9
2 5 13 5
2 5 14 9
2 5 15 5
2 5 16 10
2 5 17 5
2 5 18 10
2 5 19 5
2 5 2 10
2 5 20 10
2 5 21 5
2 5 22 10
2 5 23 5
2 5 24 10
2 5 25 5
2 5 26 9
2 5 27 5
2 5 28 9
2 5 29 5
2 5 3 5
2 5 30 9
2 5 31 5
2 5 32 6
2 5 33 6
2 5 34 6
2 5 35 6
2 5 36 6
2 5 37 6
2 5 38 6
2 5 39 6
2 5 4 9
2 5 40 6
2 5 41 6
2 5 42 6
2 5 43 6
2 5 44 6
2 5 45 6
2 5 46 6
2 5 47 6
2 5 48 6
2 5 49 6
2 5 5 5
2 5 50 6
2 5 51 6
2 5 52 6
2 5 53 6
2 5 54 6
2 5 55 6
2 5 56 6
2 5 57 6
2 5 58 6
2 5 59 6
2 5 6 9
2 5 60 6
2 5 61 6
2 5 62 6
2 5 63 6
2 5 7 5
2 5 8 9
2 5 9 5
2 6 0 9
2 6 1 5
2 6 10 9
2 6 11 5
2 6 12 10
2 6 13 4
2 6 14 9
2 6 15 5
2 6 16 9
2 6 17 5
2 6 18 10
2 6 19 5
2 6 2 9
2 6 20 8
2 6 21 5
2 6 22 10
2 6 23 5
2 6 24 9
2 6 25 5
2 6 26 10
2 6 27 5
2 6 28 9
2 6 29 5
2 6 3 5
2 6 30 9
2 6 31 5
2 6 32 6
2 6 33 6
2 6 34 6
2 6 35 7
2 6 36 7
2 6 37 6
2 6 38 6
2 6 39 6
2 6 4 9
2 6 40 6
2 6 41 6
2 6 42 6
2 6 43 6
2 6 44 6
2 6 45 6
2 6 46 6
2 6 47 6
2 6 48 6
2 6 49 6
2 6 5 4
2 6 50 6
2 6 51 6
2 6 52 6
2 6 53 6
2 6 54 6
2 6 55 6
2 6 56 6
2 6 57 6
2 6 58 6
2 6 59 6
2 6 6 9
2 6 60 6
2 6 61 6
2 6 62 6
2 6 63 6
2 6 7 5
2 6 8 9
2 6 9 5
2 7 0 9
2 7 1 5
2 7 10 9
2 7 11 5
2 7 12 10
2 7 13 5
2 7 14 9
2 7 15 5
2 7 16 9
2 7 17 4
2 7 18 9
2 7 19 4
2 7 2 9
2 7 20 9
2 7 21 4
2 7 22 9
2 7 23 4
2 7 24 9
2 7 25 4
2 7 26 9
2 7 27 4
2 7 28 9
2 7 29 4
2 7 3 5
2 7 30 9
2 7 31 5
2 7 32 6
2 7 33 6
2 7 34 6
2 7 35 6
2 7 36 6
2 7 37 6
2 7 38 6
2 7 39 6
2 7 4 9
2 7 40 6
2 7 41 6
2 7 42 6
2 7 43 6
2 7 44 6
2 7 45 6
2 7 46 6
2 7 47 6
2 7 48 6
2 7 49 6
2 7 5 5
2 7 50 6
2 7 51 6
2 7 52 6
2 7 53 6
2 7 54 6
2 7 55 6
2 7 56 6
2 7 57 6
2 7 58 6
2 7 59 6
2 7 6 9
2 7 60 6
2 7 61 6
2 7 62 6
2 7 63 6
2 7 7 5
2 7 8 10
2 7 9 5
2 8 0 9
2 8 1 5
2 8 10 9
2 8 11 4
2 8 12 9
2 8 13 5
2 8 14 9
2 8 15 4
2 8 16 9
2 8 17 5
2 8 18 10
2 8 19 5
2 8 2 9
2 8 20 9
2 8 21 5
2 8 22 9
2 8 23 5
2 8 24 9
2 8 25 4
2 8 26 10
2 8 27 5
2 8 28 9
2 8 29 4
2 8 3 5
2 8 30 9
2 8 31 5
2 8 32 6
2 8 33 6
2 8 34 6
2 8 35 6
2 8 36 6
2 8 37 6
2 8 38 6
2 8 39 6
2 8 4 9
2 8 40 6
2 8 41 6
2 8 42 6
2 8 43 6
2 8 44 6
2 8 45 6
2 8 46 6
2 8 47 6
2 8 48 6
2 8 49 6
2 8 5 5
2 8 50 6
2 8 51 6
2 8 52 6
2 8 53 6
2 8 54 6
2 8 55 6
2 8 56 6
2 8 57 6
2 8 58 6
2 8 59 6
2 8 6 10
2 8 60 8
2 8 61 6
2 8 62 6
2 8 63 6
2 8 7 5
2 8 8 9
2 8 9 5
2 9 0 9
2 9 1 5
2 9 10 10
2 9 11 5
2 9 12 9
2 9 13 5
2 9 14 9
2 9 15 5
2 9 16 9
2 9 17 5
2 9 18 10
2 9 19 5
2 9 2 10
2 9 20 9
2 9 21 5
2 9 22 9
2 9 23 4
2 9 24 9
2 9 25 5
2 9 26 9
2 9 27 5
2 9 28 9
2 9 29 5
2 9 3 5
2 9 30 9
2 9 31 5
2 9 32 6
2 9 33 6
2 9 34 6
2 9 35 6
2 9 36 6
2 9 37 6
2 9 38 6
2 9 39 6
2 9 4 9
2 9 40 7
2 9 41 6
2 9 42 6
2 9 43 6
2 9 44 6
2 9 45 6
2 9 46 6
2 9 47 6
2 9 48 7
2 9 49 6
2 9 5 5
2 9 50 6
2 9 51 6
2 9 52 6
2 9 53 6
2 9 54 7
2 9 55 6
2 9 56 6
2 9 57 6
2 9 58 6
2 9 59 6
2 9 6 9
2 9 60 6
2 9 61 6
2 9 62 6
2 9 63 6
2 9 7 5
2 9 8 9
2 9 9 5
3 10 0 9
3 10 1 6
3 10 10 10
3 10 11 6
3 10 12 10
3 10 13 6
3 10 14 10
3 10 15 6
3 10 16 3
3 10 17 2
3 10 18 2
3 10 19 3
3 10 2 10
3 10 20 2
3 10 21 2
3 10 22 3
3 10 23 2
3 10 24 2
3 10 25 2
3 10 26 2
3 10 27 2
3 10 28 2
3 10 29 2
3 10 3 6
3 10 30 2
3 10 31 3
3 10 32 3
3 10 33 3
3 10 34 3
3 10 35 3
3 10 36 3
3 10 37 3
3 10 38 3
3 10 39 3
3 10 4 10
3 10 40 3
3 10 41 3
3 10 42 3
3 10 43 3
3 10 44 3
3 10 45 3
3 10 46 3
3 10 47 3
3 10 48 6
3 10 49 6
3 10 5 6
3 10 50 6
3 10 51 6
3 10 52 6
3 10 53 6
3 10 54 6
3 10 55 6
3 10 56 6
3 10 57 6
3 10 58 6
3 10 59 6
3 10 6 10
3 10 60 6
3 10 61 6
3 10 62 8
3 10 63 6
3 10 7 6
3 10 8 10
3 10 9 6
3 11 0 9
3 11 1 6
3 11 10 9
3 11 11 6
3 11 12 9
3 11 13 5
3 11 14 10
3 11 15 6
3 11 16 9
3 11 17 6
3 11 18 10
3 11 19 6
3 11 2 9
3 11 20 10
3 11 21 6
3 11 22 9
3 11 23 6
3 11 24 10
3 11 25 6
3 11 26 10
3 11 27 6
3 11 28 9
3 11 29 6
3 11 3 6
3 11 30 10
3 11 31 6
3 11 32 6
3 11 33 6
3 11 34 6
3 11 35 6
3 11 36 6
3 11 37 6
3 11 38 6
3 11 39 6
3 11 4 9
3 11 40 6
3 11 41 6
3 11 42 6
3 11 43 6
3 11 44 7
3 11 45 6
3 11 46 6
3 11 47 6
3 11 48 3
3 11 49 2
3 11 5 6
3 11 50 2
3 11 51 2
3 11 52 2
3 11 53 3
3 11 54 2
3 11 55 3
3 11 56 2
3 11 57 2
3 11 58 2
3 11 59 2
3 11 6 9
3 11 60 3
3 11 61 2
3 11 62 3
3 11 63 3
3 11 7 6
3 11 8 9
3 11 9 5
3 12 0 4
3 12 1 6
3 12 10 9
3 12 11 6
3 12 12 10
3 12 13 6
3 12 14 9
3 12 15 6
3 12 16 9
3 12 17 6
3 12 18 10
3 12 19 6
3 12 2 11
3 12 20 9
3 12 21 6
3 12 22 10
3 12 23 6
3 12 24 9
3 12 25 6
3 12 26 9
3 12 27 6
3 12 28 10
3 12 29 6
3 12 3 5
3 12 30 10
3 12 31 6
3 12 32 6
3 12 33 7
3 12 34 6
3 12 35 6
3 12 36 6
3 12 37 6
3 12 38 6
3 12 39 6
3 12 4 10
3 12 40 6
3 12 41 6
3 12 42 6
3 12 43 6
3 12 44 6
3 12 45 6
3 12 46 6
3 12 47 8
3 12 48 6
3 12 49 6
3 12 5 5
3 12 50 6
3 12 51 6
3 12 52 6
3 12 53 6
3 12 54 6
3 12 55 6
3 12 56 6
3 12 57 6
3 12 58 6
3 12 59 6
3 12 6 10
3 12 60 6
3 12 61 6
3 12 62 6
3 12 63 6
3 12 7 5
3 12 8 10
3 12 9 6
3 13 0 9
3 13 1 6
3 13 10 10
3 13 11 6
3 13 12 10
3 13 13 6
3 13 14 10
3 13 15 6
3 13 16 9
3 13 17 6
3 13 18 10
3 13 19 6
3 13 2 10
3 13 20 10
3 13 21 6
3 13 22 10
3 13 23 6
3 13 24 10
3 13 25 6
3 13 26 10
3 13 27 6
3 13 28 10
3 13 29 6
3 13 3 6
3 13 30 11
3 13 31 6
3 13 32 6
3 13 33 6
3 13 34 6
3 13 35 6
3 13 36 6
3 13 37 8
3 13 38 6
3 13 39 6
3 13 4 9
3 13 40 6
3 13 41 6
3 13 42 6
3 13 43 6
3 13 44 6
3 13 45 6
3 13 46 6
3 13 47 6
3 13 48 6
3 13 49 6
3 13 5 6
3 13 50 6
3 13 51 6
3 13 52 6
3 13 53 6
3 13 54 6
3 13 55 7
3 13 56 6
3 13 57 6
3 13 58 6
3 13 59 6
3 13 6 10
3 13 60 6
3 13 61 7
3 13 62 7
3 13 63 6
3 13 7 6
3 13 8 10
3 13 9 6
3 14 0 9
3 14 1 6
3 14 10 10
3 14 11 6
3 14 12 10
3 14 13 6
3 14 14 10
3 14 15 6
3 14 16 10
3 14 17 6
3 14 18 10
3 14 19 6
3 14 2 10
3 14 20 10
3 14 21 6
3 14 22 10
3 14 23 6
3 14 24 10
3 14 25 6
3 14 26 10
3 14 27 6
3 14 28 9
3 14 29 6
3 14 3 6
3 14 30 9
3 14 31 6
3 14 32 6
3 14 33 6
3 14 34 6
3 14 35 6
3 14 36 6
3 14 37 6
3 14 38 6
3 14 39 6
3 14 4 10
3 14 40 6
3 14 41 6
3 14 42 6
3 14 43 6
3 14 44 6
3 14 45 6
3 14 46 6
3 14 47 6
3 14 48 7
3 14 49 6
3 14 5 6
3 14 50 7
3 14 51 6
3 14 52 6
3 14 53 6
3 14 54 7
3 14 55 6
3 14 56 6
3 14 57 6
3 14 58 6
3 14 59 7
3 14 6 10
3 14 60 6
3 14 61 6
3 14 62 6
3 14 63 6
3 14 7 6
3 14 8 10
3 14 9 6
3 15 0 2
3 15 1 2
3 15 10 2
3 15 11 2
3 15 12 3
3 15 13 2
3 15 14 2
3 15 15 2
3 15 16 2
3 15 17 2
3 15 18 2
3 15 19 2
3 15 2 3
3 15 20 2
3 15 21 2
3 15 22 2
3 15 23 2
3 15 24 2
3 15 25 2
3 15 26 2
3 15 27 2
3 15 28 3
3 15 29 2
3 15 3 2
3 15 30 2
3 15 31 2
3 15 32 8
3 15 33 6
3 15 34 6
3 15 35 6
3 15 36 6
3 15 37 6
3 15 38 6
3 15 39 6
3 15 4 2
3 15 40 6
3 15 41 6
3 15 42 6
3 15 43 6
3 15 44 6
3 15 45 6
3 15 46 6
3 15 47 6
3 15 48 6
3 15 49 7
3 15 5 2
3 15 50 6
3 15 51 6
3 15 52 6
3 15 53 7
3 15 54 6
3 15 55 7
3 15 56 7
3 15 57 6
3 15 58 6
3 15 59 6
3 15 6 2
3 15 60 6
3 15 61 6
3 15 62 6
3 15 63 6
3 15 7 2
3 15 8 2
3 15 9 2
3 16 0 10
3 16 1 5
3 16 10 9
3 16 11 5
3 16 12 10
3 16 13 5
3 16 14 10
3 16 15 5
3 16 16 10
3 16 17 5
3 16 18 10
3 16 19 5
3 16 2 10
3 16 20 10
3 16 21 5
3 16 22 9
3 16 23 5
3 16 24 9
3 16 25 5
3 16 26 10
3 16 27 5
3 16 28 9
3 16 29 5
3 16 3 5
3 16 30 10
3 16 31 5
3 16 32 6
3 16 33 6
3 16 34 6
3 16 35 6
3 16 36 6
3 16 37 6
3 16 38 6
3 16 39 6
3 16 4 10
3 16 40 6
3 16 41 6
3 16 42 6
3 16 43 6
3 16 44 6
3 16 45 6
3 16 46 6
3 16 47 6
3 16 48 6
3 16 49 6
3 16 5 5
3 16 50 6
3 16 51 6
3 16 52 6
3 16 53 5
3 16 54 6
3 16 55 6
3 16 56 6
3 16 57 5
3 16 58 5
3 16 59 6
3 16 6 10
3 16 60 6
3 16 61 6
3 16 62 6
3 16 63 6
3 16 7 5
3 16 8 10
3 16 9 5
3 17 0 9
3 17 1 5
3 17 10 10
3 17 11 5
3 17 12 9
3 17 13 6
3 17 14 10
3 17 15 5
3 17 16 10
3 17 17 5
3 17 18 10
3 17 19 5
3 17 2 9
3 17 20 9
3 17 21 5
3 17 22 9
3 17 23 5
3 17 24 10
3 17 25 5
3 17 26 10
3 17 27 5
3 17 28 9
3 17 29 5
3 17 3 5
3 17 30 10
3 17 31 5
3 17 32 3
3 17 33 3
3 17 34 2
3 17 35 3
3 17 36 2
3 17 37 3
3 17 38 2
3 17 39 3
3 17 4 10
3 17 40 3
3 17 41 3
3 17 42 3
3 17 43 2
3 17 44 2
3 17 45 3
3 17 46 3
3 17 47 3
3 17 48 6
3 17 49 6
3 17 5 5
3 17 50 6
3 17 51 6
3 17 52 6
3 17 53 6
3 17 54 6
3 17 55 6
3 17 56 6
3 17 57 6
3 17 58 6
3 17 59 6
3 17 6 10
3 17 60 6
3 17 61 6
3 17 62 6
3 17 63 6
3 17 7 5
3 17 8 9
3 17 9 5
3 18 0 10
3 18 1 5
3 18 10 9
3 18 11 5
3 18 12 10
3 18 13 5
3 18 14 10
3 18 15 5
3 18 16 9
3 18 17 5
3 18 18 10
3 18 19 5
3 18 2 10
3 18 20 9
3 18 21 5
3 18 22 9
3 18 23 5
3 18 24 9
3 18 25 5
3 18 26 9
3 18 27 5
3 18 28 9
3 18 29 5
3 18 3 7
3 18 30 9
3 18 31 5
3 18 32 6
3 18 33 6
3 18 34 6
3 18 35 6
3 18 36 6
3 18 37 6
3 18 38 6
3 18 39 6
3 18 4 10
3 18 40 6
3 18 41 6
3 18 42 6
3 18 43 6
3 18 44 6
3 18 45 6
3 18 46 6
3 18 47 6
3 18 48 6
3 18 49 6
3 18 5 5
3 18 50 6
3 18 51 6
3 18 52 6
3 18 53 6
3 18 54 6
3 18 55 6
3 18 56 6
3 18 57 6
3 18 58 6
3 18 59 6
3 18 6 9
3 18 60 6
3 18 61 6
3 18 62 6
3 18 63 6
3 18 7 5
3 18 8 9
3 18 9 5
3 4 0 9
3 4 1 6
3 4 10 10
3 4 11 6
3 4 12 10
3 4 13 6
3 4 14 9
3 4 15 6
3 4 16 9
3 4 17 6
3 4 18 10
3 4 19 7
3 4 2 10
3 4 20 10
3 4 21 6
3 4 22 10
3 4 23 6
3 4 24 10
3 4 25 6
3 4 26 10
3 4 27 6
3 4 28 10
3 4 29 7
3 4 3 6
3 4 30 10
3 4 31 7
3 4 32 6
3 4 33 6
3 4 34 6
3 4 35 6
3 4 36 6
3 4 37 6
3 4 38 6
3 4 39 6
3 4 4 10
3 4 40 6
3 4 41 6
3 4 42 6
3 4 43 6
3 4 44 7
3 4 45 6
3 4 46 6
3 4 47 6
3 4 48 6
3 4 49 6
3 4 5 6
3 4 50 6
3 4 51 6
3 4 52 6
3 4 53 6
3 4 54 6
3 4 55 6
3 4 56 6
3 4 57 6
3 4 58 6
3 4 59 6
3 4 6 10
3 4 60 6
3 4 61 6
3 4 62 6
3 4 63 6
3 4 7 6
3 4 8 10
3 4 9 6
3 5 0 9
3 5 1 6
3 5 10 10
3 5 11 6
3 5 12 10
3 5 13 6
3 5 14 10
3 5 15 6
3 5 16 10
3 5 17 6
3 5 18 10
3 5 19 6
3 5 2 9
3 5 20 10
3 5 21 6
3 5 22 10
3 5 23 6
3 5 24 10
3 5 25 6
3 5 26 10
3 5 27 6
3 5 28 10
3 5 29 6
3 5 3 6
3 5 30 9
3 5 31 6
3 5 32 6
3 5 33 6
3 5 34 6
3 5 35 6
3 5 36 6
3 5 37 6
3 5 38 6
3 5 39 7
3 5 4 10
3 5 40 6
3 5 41 6
3 5 42 6
3 5 43 6
3 5 44 6
3 5 45 6
3 5 46 6
3 5 47 6
3 5 48 6
3 5 49 6
3 5 5 6
3 5 50 6
3 5 51 6
3 5 52 6
3 5 53 6
3 5 54 6
3 5 55 6
3 5 56 6
3 5 57 6
3 5 58 6
3 5 59 6
3 5 6 10
3 5 60 6
3 5 61 6
3 5 62 6
3 5 63 6
3 5 7 6
3 5 8 10
3 5 9 6
3 6 0 10
3 6 1 6
3 6 10 10
3 6 11 6
3 6 12 10
3 6 13 6
3 6 14 10
3 6 15 6
3 6 16 10
3 6 17 6
3 6 18 10
3 6 19 6
3 6 2 10
3 6 20 10
3 6 21 6
3 6 22 10
3 6 23 6
3 6 24 10
3 6 25 6
3 6 26 10
3 6 27 6
3 6 28 10
3 6 29 6
3 6 3 6
3 6 30 9
3 6 31 6
3 6 32 6
3 6 33 6
3 6 34 6
3 6 35 6
3 6 36 6
3 6 37 6
3 6 38 6
3 6 39 6
3 6 4 10
3 6 40 6
3 6 41 6
3 6 42 6
3 6 43 6
3 6 44 6
3 6 45 6
3 6 46 6
3 6 47 6
3 6 48 6
3 6 49 6
3 6 5 6
3 6 50 6
3 6 51 6
3 6 52 6
3 6 53 6
3 6 54 6
3 6 55 6
3 6 56 6
3 6 57 7
3 6 58 6
3 6 59 6
3 6 6 10
3 6 60 7
3 6 61 6
3 6 62 6
3 6 63 6
3 6 7 6
3 6 8 10
3 6 9 6
3 7 0 9
3 7 1 6
3 7 10 10
3 7 11 6
3 7 12 10
3 7 13 6
3 7 14 10
3 7 15 6
3 7 16 9
3 7 17 6
3 7 18 10
3 7 19 6
3 7 2 10
3 7 20 10
3 7 21 6
3 7 22 10
3 7 23 6
3 7 24 10
3 7 25 6
3 7 26 10
3 7 27 6
3 7 28 10
3 7 29 6
3 7 3 6
3 7 30 10
3 7 31 6
3 7 32 6
3 7 33 6
3 7 34 6
3 7 35 6
3 7 36 6
3 7 37 6
3 7 38 6
3 7 39 6
3 7 4 10
3 7 40 6
3 7 41 6
3 7 42 6
3 7 43 6
3 7 44 6
3 7 45 6
3 7 46 6
3 7 47 6
3 7 48 6
3 7 49 6
3 7 5 6
3 7 50 6
3 7 51 6
3 7 52 6
3 7 53 6
3 7 54 6
3 7 55 6
3 7 56 6
3 7 57 6
3 7 58 6
3 7 59 6
3 7 6 10
3 7 60 6
3 7 61 6
3 7 62 6
3 7 63 6
3 7 7 6
3 7 8 10
3 7 9 6
3 8 0 9
3 8 1 6
3 8 10 9
3 8 11 6
3 8 12 9
3 8 13 6
3 8 14 9
3 8 15 6
3 8 16 9
3 8 17 6
3 8 18 9
3 8 19 6
3 8 2 10
3 8 20 10
3 8 21 6
3 8 22 10
3 8 23 6
3 8 24 10
3 8 25 6
3 8 26 10
3 8 27 6
3 8 28 10
3 8 29 6
3 8 3 6
3 8 30 10
3 8 31 6
3 8 32 6
3 8 33 2
3 8 34 6
3 8 35 6
3 8 36 6
3 8 37 6
3 8 38 7
3 8 39 6
3 8 4 9
3 8 40 6
3 8 41 6
3 8 42 6
3 8 43 7
3 8 44 6
3 8 45 6
3 8 46 6
3 8 47 6
3 8 48 6
3 8 49 6
3 8 5 6
3 8 50 6
3 8 51 6
3 8 52 6
3 8 53 6
3 8 54 6
3 8 55 6
3 8 56 6
3 8 57 6
3 8 58 6
3 8 59 6
3 8 6 10
3 8 60 6
3 8 61 6
3 8 62 6
3 8 63 6
3 8 7 6
3 8 8 10
3 8 9 6
3 9 0 10
3 9 1 6
3 9 10 10
3 9 11 6
3 9 12 10
3 9 13 6
3 9 14 9
3 9 15 6
3 9 16 9
3 9 17 6
3 9 18 9
3 9 19 6
3 9 2 10
3 9 20 10
3 9 21 6
3 9 22 9
3 9 23 6
3 9 24 9
3 9 25 6
3 9 26 10
3 9 27 6
3 9 28 10
3 9 29 6
3 9 3 6
3 9 30 9
3 9 31 6
3 9 32 6
3 9 33 6
3 9 34 6
3 9 35 6
3 9 36 6
3 9 37 6
3 9 38 6
3 9 39 6
3 9 4 10
3 9 40 6
3 9 41 6
3 9 42 6
3 9 43 6
3 9 44 6
3 9 45 6
3 9 46 6
3 9 47 6
3 9 48 6
3 9 49 6
3 9 5 6
3 9 50 6
3 9 51 6
3 9 52 6
3 9 53 6
3 9 54 6
3 9 55 6
3 9 56 6
3 9 57 6
3 9 58 6
3 9 59 6
3 9 6 10
3 9 60 6
3 9 61 6
3 9 62 6
3 9 63 6
3 9 7 6
3 9 8 10
3 9 9 6
4 10 0 9
4 10 1 8
4 10 10 9
4 10 11 8
4 10 12 10
4 10 13 8
4 10 14 9
4 10 15 8
4 10 16 9
4 10 17 8
4 10 18 9
4 10 19 8
4 10 2 8
4 10 20 9
4 10 21 8
4 10 22 9
4 10 23 8
4 10 24 9
4 10 25 8
4 10 26 9
4 10 27 8
4 10 28 9
4 10 29 8
4 10 3 8
4 10 30 9
4 10 31 8
4 10 32 3
4 10 33 3
4 10 34 3
4 10 35 3
4 10 36 3
4 10 37 3
4 10 38 3
4 10 39 3
4 10 4 10
4 10 40 3
4 10 41 3
4 10 42 3
4 10 43 3
4 10 44 3
4 10 45 3
4 10 46 3
4 10 47 3
4 10 48 6
4 10 49 6
4 10 5 8
4 10 50 6
4 10 51 5
4 10 52 6
4 10 53 6
4 10 54 6
4 10 55 3
4 10 56 6
4 10 57 6
4 10 58 6
4 10 59 7
4 10 6 9
4 10 60 6
4 10 61 6
4 10 62 6
4 10 63 6
4 10 7 8
4 10 8 9
4 10 9 8
4 11 0 9
4 11 1 4
4 11 10 9
4 11 11 8
4 11 12 10
4 11 13 8
4 11 14 9
4 11 15 8
4 11 16 10
4 11 17 8
4 11 18 9
4 11 19 8
4 11 2 9
4 11 20 10
4 11 21 8
4 11 22 9
4 11 23 8
4 11 24 9
4 11 25 8
4 11 26 10
4 11 27 8
4 11 28 9
4 11 29 8
4 11 3 8
4 11 30 9
4 11 31 8
4 11 32 6
4 11 33 6
4 11 34 6
4 11 35 6
4 11 36 6
4 11 37 6
4 11 38 6
4 11 39 6
4 11 4 9
4 11 40 6
4 11 41 6
4 11 42 7
4 11 43 6
4 11 44 7
4 11 45 6
4 11 46 6
4 11 47 6
4 11 48 6
4 11 49 6
4 11 5 8
4 11 50 6
4 11 51 6
4 11 52 7
4 11 53 6
4 11 54 6
4 11 55 6
4 11 56 6
4 11 57 6
4 11 58 6
4 11 59 6
4 11 6 9
4 11 60 6
4 11 61 6
4 11 62 6
4 11 63 6
4 11 7 8
4 11 8 10
4 11 9 8
4 12 0 9
4 12 1 8
4 12 10 9
4 12 11 8
4 12 12 9
4 12 13 8
4 12 14 10
4 12 15 8
4 12 16 9
4 12 17 8
4 12 18 9
4 12 19 8
4 12 2 9
4 12 20 9
4 12 21 8
4 12 22 9
4 12 23 8
4 12 24 10
4 12 25 8
4 12 26 9
4 12 27 8
4 12 28 9
4 12 29 8
4 12 3 8
4 12 30 9
4 12 31 8
4 12 32 6
4 12 33 6
4 12 34 6
4 12 35 6
4 12 36 6
4 12 37 6
4 12 38 6
4 12 39 6
4 12 4 9
4 12 40 6
4 12 41 6
4 12 42 6
4 12 43 6
4 12 44 6
4 12 45 6
4 12 46 6
4 12 47 6
4 12 48 6
4 12 49 6
4 12 5 7
4 12 50 7
4 12 51 7
4 12 52 6
4 12 53 6
4 12 54 6
4 12 55 6
4 12 56 7
4 12 57 7
4 12 58 6
4 12 59 6
4 12 6 9
4 12 60 6
4 12 61 6
4 12 62 7
4 12 63 6
4 12 7 8
4 12 8 9
4 12 9 8
4 13 0 9
4 13 1 7
4 13 10 10
4 13 11 7
4 13 12 9
4 13 13 7
4 13 14 10
4 13 15 7
4 13 16 9
4 13 17 7
4 13 18 10
4 13 19 7
4 13 2 9
4 13 20 9
4 13 21 7
4 13 22 9
4 13 23 7
4 13 24 9
4 13 25 7
4 13 26 9
4 13 27 7
4 13 28 9
4 13 29 7
4 13 3 7
4 13 30 9
4 13 31 7
4 13 32 6
4 13 33 6
4 13 34 6
4 13 35 6
4 13 36 6
4 13 37 6
4 13 38 6
4 13 39 6
4 13 4 9
4 13 40 6
4 13 41 6
4 13 42 6
4 13 43 6
4 13 44 6
4 13 45 6
4 13 46 6
4 13 47 6
4 13 48 6
4 13 49 6
4 13 5 7
4 13 50 6
4 13 51 6
4 13 52 6
4 13 53 6
4 13 54 6
4 13 55 6
4 13 56 6
4 13 57 6
4 13 58 6
4 13 59 6
4 13 6 9
4 13 60 6
4 13 61 6
4 13 62 7
4 13 63 8
4 13 7 7
4 13 8 9
4 13 9 7
4 14 0 9
4 14 1 7
4 14 10 9
4 14 11 7
4 14 12 10
4 14 13 7
4 14 14 10
4 14 15 7
4 14 16 9
4 14 17 7
4 14 18 9
4 14 19 7
4 14 2 9
4 14 20 9
4 14 21 7
4 14 22 9
4 14 23 7
4 14 24 9
4 14 25 7
4 14 26 9
4 14 27 7
4 14 28 9
4 14 29 7
4 14 3 7
4 14 30 9
4 14 31 7
4 14 32 4
4 14 33 4
4 14 34 2
4 14 35 4
4 14 36 6
4 14 37 4
4 14 38 4
4 14 39 4
4 14 4 10
4 14 40 4
4 14 41 4
4 14 42 5
4 14 43 2
4 14 44 4
4 14 45 4
4 14 46 4
4 14 47 4
4 14 48 2
4 14 49 4
4 14 5 7
4 14 50 4
4 14 51 4
4 14 52 4
4 14 53 4
4 14 54 4
4 14 55 4
4 14 56 4
4 14 57 4
4 14 58 4
4 14 59 4
4 14 6 10
4 14 60 5
4 14 61 4
4 14 62 2
4 14 63 4
4 14 7 7
4 14 8 9
4 14 9 7
4 15 0 10
4 15 1 8
4 15 10 10
4 15 11 7
4 15 12 10
4 15 13 7
4 15 14 10
4 15 15 7
4 15 16 10
4 15 17 7
4 15 18 10
4 15 19 7
4 15 2 10
4 15 20 10
4 15 21 7
4 15 22 10
4 15 23 7
4 15 24 9
4 15 25 7
4 15 26 10
4 15 27 7
4 15 28 10
4 15 29 7
4 15 3 7
4 15 30 9
4 15 31 7
4 15 32 13
4 15 33 5
4 15 34 13
4 15 35 13
4 15 36 3
4 15 37 12
4 15 38 2
4 15 39 2
4 15 4 9
4 15 40 14
4 15 41 3
4 15 42 3
4 15 43 13
4 15 44 13
4 15 45 13
4 15 46 12
4 15 47 13
4 15 48 4
4 15 49 4
4 15 5 7
4 15 50 4
4 15 51 4
4 15 52 4
4 15 53 4
4 15 54 4
4 15 55 4
4 15 56 4
4 15 57 4
4 15 58 4
4 15 59 4
4 15 6 10
4 15 60 4
4 15 61 4
4 15 62 2
4 15 63 4
4 15 7 7
4 15 8 10
4 15 9 7
4 16 0 9
4 16 1 7
4 16 10 10
4 16 11 7
4 16 12 10
4 16 13 7
4 16 14 9
4 16 15 7
4 16 16 9
4 16 17 7
4 16 18 10
4 16 19 8
4 16 2 10
4 16 20 10
4 16 21 7
4 16 22 10
4 16 23 7
4 16 24 10
4 16 25 7
4 16 26 10
4 16 27 7
4 16 28 10
4 16 29 8
4 16 3 7
4 16 30 10
4 16 31 8
4 16 32 9
4 16 33 2
4 16 34 4
4 16 35 4
4 16 36 4
4 16 37 4
4 16 38 4
4 16 39 4
4 16 4 9
4 16 40 4
4 16 41 4
4 16 42 4
4 16 43 4
4 16 44 4
4 16 45 4
4 16 46 4
4 16 47 9
4 16 48 4
4 16 49 3
4 16 5 7
4 16 50 4
4 16 51 4
4 16 52 4
4 16 53 4
4 16 54 3
4 16 55 4
4 16 56 4
4 16 57 4
4 16 58 4
4 16 59 4
4 16 6 10
4 16 60 4
4 16 61 4
4 16 62 4
4 16 63 4
4 16 7 7
4 16 8 10
4 16 9 7
4 17 0 9
4 17 1 7
4 17 10 10
4 17 11 7
4 17 12 10
4 17 13 7
4 17 14 10
4 17 15 7
4 17 16 10
4 17 17 7
4 17 18 10
4 17 19 7
4 17 2 10
4 17 20 10
4 17 21 7
4 17 22 10
4 17 23 7
4 17 24 10
4 17 25 7
4 17 26 10
4 17 27 7
4 17 28 10
4 17 29 7
4 17 3 7
4 17 30 10
4 17 31 7
4 17 32 3
4 17 33 7
4 17 34 7
4 17 35 7
4 17 36 8
4 17 37 8
4 17 38 7
4 17 39 7
4 17 4 10
4 17 40 8
4 17 41 8
4 17 42 8
4 17 43 8
4 17 44 7
4 17 45 7
4 17 46 8
4 17 47 7
4 17 48 4
4 17 49 2
4 17 5 7
4 17 50 4
4 17 51 4
4 17 52 4
4 17 53 4
4 17 54 4
4 17 55 3
4 17 56 4
4 17 57 4
4 17 58 4
4 17 59 4
4 17 6 10
4 17 60 2
4 17 61 4
4 17 62 2
4 17 63 4
4 17 7 7
4 17 8 10
4 17 9 7
4 18 0 10
4 18 1 8
4 18 10 10
4 18 11 7
4 18 12 10
4 18 13 7
4 18 14 10
4 18 15 7
4 18 16 9
4 18 17 7
4 18 18 10
4 18 19 7
4 18 2 10
4 18 20 10
4 18 21 7
4 18 22 10
4 18 23 7
4 18 24 10
4 18 25 7
4 18 26 10
4 18 27 7
4 18 28 10
4 18 29 7
4 18 3 7
4 18 30 10
4 18 31 7
4 18 32 9
4 18 33 7
4 18 34 6
4 18 35 6
4 18 36 7
4 18 37 6
4 18 38 6
4 18 39 6
4 18 4 10
4 18 40 6
4 18 41 6
4 18 42 6
4 18 43 6
4 18 44 6
4 18 45 6
4 18 46 8
4 18 47 6
4 18 48 6
4 18 49 7
4 18 5 7
4 18 50 6
4 18 51 6
4 18 52 6
4 18 53 6
4 18 54 6
4 18 55 6
4 18 56 6
4 18 57 6
4 18 58 7
4 18 59 6
4 18 6 10
4 18 60 7
4 18 61 6
4 18 62 6
4 18 63 7
4 18 7 7
4 18 8 11
4 18 9 7
4 4 0 9
4 4 1 9
4 4 10 9
4 4 11 8
4 4 12 9
4 4 13 9
4 4 14 9
4 4 15 9
4 4 16 9
4 4 17 8
4 4 18 9
4 4 19 9
4 4 2 9
4 4 20 9
4 4 21 8
4 4 22 9
4 4 23 9
4 4 24 9
4 4 25 9
4 4 26 9
4 4 27 8
4 4 28 9
4 4 29 8
4 4 3 9
4 4 30 9
4 4 31 9
4 4 32 6
4 4 33 6
4 4 34 6
4 4 35 6
4 4 36 6
4 4 37 6
4 4 38 6
4 4 39 6
4 4 4 9
4 4 40 6
4 4 41 6
4 4 42 6
4 4 43 6
4 4 44 6
4 4 45 6
4 4 46 7
4 4 47 6
4 4 48 6
4 4 49 6
4 4 5 8
4 4 50 6
4 4 51 6
4 4 52 6
4 4 53 6
4 4 54 6
4 4 55 6
4 4 56 6
4 4 57 6
4 4 58 6
4 4 59 6
4 4 6 9
4 4 60 6
4 4 61 6
4 4 62 6
4 4 63 6
4 4 7 9
4 4 8 9
4 4 9 9
4 5 0 8
4 5 1 8
4 5 10 8
4 5 11 8
4 5 12 9
4 5 13 8
4 5 14 8
4 5 15 8
4 5 16 9
4 5 17 9
4 5 18 9
4 5 19 8
4 5 2 8
4 5 20 9
4 5 21 8
4 5 22 9
4 5 23 8
4 5 24 9
4 5 25 11
4 5 26 9
4 5 27 8
4 5 28 9
4 5 29 8
4 5 3 8
4 5 30 9
4 5 31 9
4 5 32 6
4 5 33 6
4 5 34 6
4 5 35 6
4 5 36 6
4 5 37 6
4 5 38 6
4 5 39 6
4 5 4 8
4 5 40 6
4 5 41 6
4 5 42 6
4 5 43 6
4 5 44 6
4 5 45 6
4 5 46 6
4 5 47 6
4 5 48 6
4 5 49 6
4 5 5 8
4 5 50 6
4 5 51 6
4 5 52 6
4 5 53 6
4 5 54 6
4 5 55 6
4 5 56 6
4 5 57 6
4 5 58 6
4 5 59 6
4 5 6 8
4 5 60 6
4 5 61 6
4 5 62 6
4 5 63 6
4 5 7 8
4 5 8 8
4 5 9 8
4 6 0 9
4 6 1 9
4 6 10 9
4 6 11 9
4 6 12 9
4 6 13 9
4 6 14 9
4 6 15 9
4 6 16 9
4 6 17 9
4 6 18 9
4 6 19 9
4 6 2 9
4 6 20 9
4 6 21 9
4 6 22 9
4 6 23 9
4 6 24 9
4 6 25 9
4 6 26 9
4 6 27 9
4 6 28 9
4 6 29 9
4 6 3 9
4 6 30 9
4 6 31 9
4 6 32 6
4 6 33 6
4 6 34 6
4 6 35 6
4 6 36 6
4 6 37 6
4 6 38 6
4 6 39 6
4 6 4 9
4 6 40 6
4 6 41 6
4 6 42 6
4 6 43 6
4 6 44 6
4 6 45 6
4 6 46 6
4 6 47 6
4 6 48 6
4 6 49 6
4 6 5 9
4 6 50 6
4 6 51 6
4 6 52 6
4 6 53 6
4 6 54 6
4 6 55 6
4 6 56 6
4 6 57 6
4 6 58 6
4 6 59 6
4 6 6 9
4 6 60 6
4 6 61 6
4 6 62 6
4 6 63 6
4 6 7 9
4 6 8 9
4 6 9 9
4 7 0 8
4 7 1 8
4 7 10 9
4 7 11 8
4 7 12 9
4 7 13 8
4 7 14 9
4 7 15 8
4 7 16 12
4 7 17 11
4 7 18 12
4 7 19 11
4 7 2 9
4 7 20 12
4 7 21 11
4 7 22 11
4 7 23 11
4 7 24 12
4 7 25 12
4 7 26 12
4 7 27 11
4 7 28 11
4 7 29 11
4 7 3 8
4 7 30 12
4 7 31 12
4 7 32 6
4 7 33 6
4 7 34 6
4 7 35 6
4 7 36 6
4 7 37 6
4 7 38 6
4 7 39 6
4 7 4 9
4 7 40 6
4 7 41 6
4 7 42 6
4 7 43 6
4 7 44 6
4 7 45 6
4 7 46 6
4 7 47 6
4 7 48 6
4 7 49 6
4 7 5 8
4 7 50 6
4 7 51 6
4 7 52 6
4 7 53 6
4 7 54 7
4 7 55 6
4 7 56 6
4 7 57 6
4 7 58 6
4 7 59 6
4 7 6 9
4 7 60 6
4 7 61 6
4 7 62 6
4 7 63 6
4 7 7 8
4 7 8 9
4 7 9 8
4 8 0 8
4 8 1 8
4 8 10 9
4 8 11 8
4 8 12 9
4 8 13 8
4 8 14 9
4 8 15 8
4 8 16 9
4 8 17 8
4 8 18 9
4 8 19 8
4 8 2 9
4 8 20 9
4 8 21 8
4 8 22 9
4 8 23 8
4 8 24 9
4 8 25 8
4 8 26 9
4 8 27 8
4 8 28 9
4 8 29 8
4 8 3 8
4 8 30 9
4 8 31 8
4 8 32 6
4 8 33 6
4 8 34 6
4 8 35 6
4 8 36 6
4 8 37 6
4 8 38 6
4 8 39 6
4 8 4 9
4 8 40 6
4 8 41 6
4 8 42 6
4 8 43 6
4 8 44 6
4 8 45 6
4 8 46 6
4 8 47 6
4 8 48 6
4 8 49 6
4 8 5 8
4 8 50 6
4 8 51 6
4 8 52 6
4 8 53 6
4 8 54 6
4 8 55 6
4 8 56 6
4 8 57 6
4 8 58 6
4 8 59 6
4 8 6 9
4 8 60 6
4 8 61 6
4 8 62 6
4 8 63 6
4 8 7 8
4 8 8 9
4 8 9 8
4 9 0 9
4 9 1 7
4 9 10 9
4 9 11 8
4 9 12 9
4 9 13 8
4 9 14 9
4 9 15 8
4 9 16 9
4 9 17 8
4 9 18 9
4 9 19 8
4 9 2 9
4 9 20 9
4 9 21 8
4 9 22 9
4 9 23 9
4 9 24 9
4 9 25 8
4 9 26 9
4 9 27 8
4 9 28 9
4 9 29 8
4 9 3 8
4 9 30 9
4 9 31 8
4 9 32 6
4 9 33 6
4 9 34 6
4 9 35 6
4 9 36 6
4 9 37 6
4 9 38 6
4 9 39 6
4 9 4 9
4 9 40 6
4 9 41 6
4 9 42 6
4 9 43 6
4 9 44 6
4 9 45 6
4 9 46 6
4 9 47 6
4 9 48 6
4 9 49 6
4 9 5 8
4 9 50 6
4 9 51 6
4 9 52 6
4 9 53 6
4 9 54 6
4 9 55 6
4 9 56 6
4 9 57 6
4 9 58 6
4 9 59 6
4 9 6 9
4 9 60 6
4 9 61 6
4 9 62 6
4 9 63 6
4 9 7 8
4 9 8 9
4 9 9 8
5 10 0 4
5 10 1 4
5 10 10 4
5 10 11 4
5 10 12 4
5 10 13 4
5 10 14 4
5 10 15 4
5 10 16 3
5 10 17 3
5 10 18 2
5 10 19 3
5 10 2 4
5 10 20 2
5 10 21 3
5 10 22 3
5 10 23 3
5 10 24 3
5 10 25 3
5 10 26 2
5 10 27 2
5 10 28 3
5 10 29 3
5 10 3 4
5 10 30 2
5 10 31 2
5 10 32 6
5 10 33 6
5 10 34 6
5 10 35 6
5 10 36 6
5 10 37 6
5 10 38 6
5 10 39 6
5 10 4 4
5 10 40 6
5 10 41 6
5 10 42 6
5 10 43 6
5 10 44 6
5 10 45 6
5 10 46 6
5 10 47 6
5 10 48 6
5 10 49 6
5 10 5 4
5 10 50 6
5 10 51 6
5 10 52 6
5 10 53 6
5 10 54 6
5 10 55 6
5 10 56 6
5 10 57 6
5 10 58 6
5 10 59 6
5 10 6 3
5 10 60 6
5 10 61 6
5 10 62 6
5 10 63 6
5 10 7 4
5 10 8 4
5 10 9 4
5 11 0 4
5 11 1 4
5 11 10 4
5 11 11 4
5 11 12 4
5 11 13 4
5 11 14 4
5 11 15 4
5 11 16 4
5 11 17 4
5 11 18 4
5 11 19 4
5 11 2 4
5 11 20 3
5 11 21 4
5 11 22 4
5 11 23 4
5 11 24 4
5 11 25 4
5 11 26 4
5 11 27 4
5 11 28 4
5 11 29 4
5 11 3 4
5 11 30 4
5 11 31 4
5 11 32 6
5 11 33 6
5 11 34 6
5 11 35 6
5 11 36 6
5 11 37 6
5 11 38 7
5 11 39 6
5 11 4 4
5 11 40 6
5 11 41 6
5 11 42 6
5 11 43 6
5 11 44 6
5 11 45 6
5 11 46 6
5 11 47 6
5 11 48 6
5 11 49 6
5 11 5 4
5 11 50 6
5 11 51 6
5 11 52 6
5 11 53 6
5 11 54 6
5 11 55 6
5 11 56 6
5 11 57 6
5 11 58 6
5 11 59 6
5 11 6 4
5 11 60 6
5 11 61 6
5 11 62 6
5 11 63 6
5 11 7 4
5 11 8 4
5 11 9 4
5 12 0 4
5 12 1 3
5 12 10 3
5 12 11 4
5 12 12 4
5 12 13 4
5 12 14 4
5 12 15 4
5 12 16 4
5 12 17 4
5 12 18 4
5 12 19 4
5 12 2 4
5 12 20 4
5 12 21 4
5 12 22 4
5 12 23 4
5 12 24 4
5 12 25 4
5 12 26 4
5 12 27 4
5 12 28 4
5 12 29 4
5 12 3 4
5 12 30 4
5 12 31 4
5 12 32 6
5 12 33 6
5 12 34 6
5 12 35 6
5 12 36 6
5 12 37 6
5 12 38 6
5 12 39 6
5 12 4 3
5 12 40 6
5 12 41 6
5 12 42 6
5 12 43 6
5 12 44 6
5 12 45 6
5 12 46 6
5 12 47 6
5 12 48 6
5 12 49 6
5 12 5 4
5 12 50 6
5 12 51 6
5 12 52 6
5 12 53 6
5 12 54 6
5 12 55 6
5 12 56 6
5 12 57 6
5 12 58 6
5 12 59 6
5 12 6 3
5 12 60 6
5 12 61 6
5 12 62 6
5 12 63 6
5 12 7 4
5 12 8 4
5 12 9 4
5 13 0 9
5 13 1 8
5 13 10 9
5 13 11 8
5 13 12 9
5 13 13 8
5 13 14 9
5 13 15 8
5 13 16 9
5 13 17 8
5 13 18 9
5 13 19 8
5 13 2 9
5 13 20 9
5 13 21 8
5 13 22 9
5 13 23 8
5 13 24 9
5 13 25 8
5 13 26 9
5 13 27 9
5 13 28 6
5 13 29 8
5 13 3 8
5 13 30 10
5 13 31 9
5 13 32 6
5 13 33 6
5 13 34 6
5 13 35 6
5 13 36 6
5 13 37 6
5 13 38 6
5 13 39 6
5 13 4 9
5 13 40 6
5 13 41 6
5 13 42 6
5 13 43 6
5 13 44 6
5 13 45 6
5 13 46 6
5 13 47 6
5 13 48 6
5 13 49 6
5 13 5 8
5 13 50 6
5 13 51 6
5 13 52 6
5 13 53 6
5 13 54 6
5 13 55 6
5 13 56 6
5 13 57 6
5 13 58 6
5 13 59 6
5 13 6 9
5 13 60 6
5 13 61 6
5 13 62 6
5 13 63 6
5 13 7 8
5 13 8 9
5 13 9 8
5 14 0 9
5 14 1 9
5 14 10 9
5 14 11 9
5 14 12 9
5 14 13 9
5 14 14 9
5 14 15 8
5 14 16 9
5 14 17 8
5 14 18 9
5 14 19 8
5 14 2 9
5 14 20 9
5 14 21 8
5 14 22 9
5 14 23 8
5 14 24 9
5 14 25 8
5 14 26 9
5 14 27 8
5 14 28 9
5 14 29 8
5 14 3 8
5 14 30 9
5 14 31 9
5 14 32 6
5 14 33 6
5 14 34 6
5 14 35 6
5 14 36 6
5 14 37 6
5 14 38 6
5 14 39 6
5 14 4 9
5 14 40 6
5 14 41 6
5 14 42 6
5 14 43 6
5 14 44 6
5 14 45 6
5 14 46 6
5 14 47 6
5 14 48 6
5 14 49 6
5 14 5 9
5 14 50 6
5 14 51 6
5 14 52 6
5 14 53 6
5 14 54 6
5 14 55 6
5 14 56 6
5 14 57 6
5 14 58 6
5 14 59 6
5 14 6 9
5 14 60 6
5 14 61 6
5 14 62 6
5 14 63 6
5 14 7 9
5 14 8 9
5 14 9 8
5 15 0 9
5 15 1 9
5 15 10 9
5 15 11 8
5 15 12 8
5 15 13 8
5 15 14 9
5 15 15 8
5 15 16 9
5 15 17 10
5 15 18 9
5 15 19 8
5 15 2 8
5 15 20 9
5 15 21 8
5 15 22 9
5 15 23 9
5 15 24 9
5 15 25 9
5 15 26 9
5 15 27 8
5 15 28 9
5 15 29 9
5 15 3 8
5 15 30 8
5 15 31 8
5 15 32 6
5 15 33 6
5 15 34 6
5 15 35 6
5 15 36 6
5 15 37 6
5 15 38 6
5 15 39 6
5 15 4 8
5 15 40 6
5 15 41 6
5 15 42 6
5 15 43 7
5 15 44 7
5 15 45 7
5 15 46 6
5 15 47 6
5 15 48 6
5 15 49 6
5 15 5 9
5 15 50 6
5 15 51 6
5 15 52 6
5 15 53 6
5 15 54 6
5 15 55 6
5 15 56 6
5 15 57 6
5 15 58 6
5 15 59 6
5 15 6 8
5 15 60 6
5 15 61 6
5 15 62 6
5 15 63 6
5 15 7 9
5 15 8 9
5 15 9 8
5 16 0 8
5 16 1 4
5 16 10 9
5 16 11 8
5 16 12 9
5 16 13 8
5 16 14 8
5 16 15 8
5 16 16 8
5 16 17 8
5 16 18 9
5 16 19 8
5 16 2 9
5 16 20 9
5 16 21 8
5 16 22 8
5 16 23 8
5 16 24 9
5 16 25 8
5 16 26 9
5 16 27 8
5 16 28 9
5 16 29 8
5 16 3 8
5 16 30 9
5 16 31 8
5 16 32 6
5 16 33 6
5 16 34 6
5 16 35 6
5 16 36 6
5 16 37 6
5 16 38 6
5 16 39 6
5 16 4 9
5 16 40 6
5 16 41 6
5 16 42 6
5 16 43 6
5 16 44 6
5 16 45 6
5 16 46 6
5 16 47 6
5 16 48 6
5 16 49 6
5 16 5 8
5 16 50 6
5 16 51 6
5 16 52 6
5 16 53 6
5 16 54 6
5 16 55 6
5 16 56 6
5 16 57 6
5 16 58 6
5 16 59 6
5 16 6 9
5 16 60 6
5 16 61 6
5 16 62 6
5 16 63 6
5 16 7 8
5 16 8 9
5 16 9 8
5 17 0 8
5 17 1 8
5 17 10 9
5 17 11 9
5 17 12 9
5 17 13 8
5 17 14 9
5 17 15 8
5 17 16 9
5 17 17 8
5 17 18 9
5 17 19 8
5 17 2 9
5 17 20 9
5 17 21 8
5 17 22 8
5 17 23 8
5 17 24 9
5 17 25 8
5 17 26 9
5 17 27 8
5 17 28 9
5 17 29 8
5 17 3 8
5 17 30 9
5 17 31 8
5 17 32 6
5 17 33 6
5 17 34 6
5 17 35 6
5 17 36 6
5 17 37 6
5 17 38 6
5 17 39 6
5 17 4 9
5 17 40 6
5 17 41 6
5 17 42 6
5 17 43 6
5 17 44 6
5 17 45 6
5 17 46 6
5 17 47 7
5 17 48 6
5 17 49 6
5 17 5 8
5 17 50 6
5 17 51 6
5 17 52 6
5 17 53 6
5 17 54 6
5 17 55 6
5 17 56 6
5 17 57 6
5 17 58 6
5 17 59 6
5 17 6 9
5 17 60 6
5 17 61 6
5 17 62 6
5 17 63 6
5 17 7 8
5 17 8 9
5 17 9 8
5 18 0 9
5 18 1 8
5 18 10 9
5 18 11 9
5 18 12 9
5 18 13 8
5 18 14 9
5 18 15 8
5 18 16 9
5 18 17 8
5 18 18 9
5 18 19 8
5 18 2 9
5 18 20 9
5 18 21 8
5 18 22 9
5 18 23 8
5 18 24 8
5 18 25 8
5 18 26 8
5 18 27 8
5 18 28 9
5 18 29 8
5 18 3 8
5 18 30 8
5 18 31 8
5 18 32 5
5 18 33 6
5 18 34 5
5 18 35 5
5 18 36 6
5 18 37 6
5 18 38 6
5 18 39 6
5 18 4 9
5 18 40 6
5 18 41 6
5 18 42 6
5 18 43 6
5 18 44 6
5 18 45 6
5 18 46 6
5 18 47 6
5 18 48 6
5 18 49 6
5 18 5 9
5 18 50 6
5 18 51 6
5 18 52 6
5 18 53 6
5 18 54 6
5 18 55 6
5 18 56 6
5 18 57 6
5 18 58 6
5 18 59 6
5 18 6 9
5 18 60 6
5 18 61 6
5 18 62 6
5 18 63 6
5 18 7 8
5 18 8 9
5 18 9 8
5 4 0 9
5 4 1 8
5 4 10 9
5 4 11 8
5 4 12 9
5 4 13 8
5 4 14 9
5 4 15 8
5 4 16 9
5 4 17 8
5 4 18 9
5 4 19 8
5 4 2 9
5 4 20 9
5 4 21 8
5 4 22 9
5 4 23 8
5 4 24 9
5 4 25 8
5 4 26 9
5 4 27 8
5 4 28 8
5 4 29 8
5 4 3 8
5 4 30 9
5 4 31 7
5 4 32 6
5 4 33 6
5 4 34 6
5 4 35 6
5 4 36 6
5 4 37 6
5 4 38 6
5 4 39 6
5 4 4 9
5 4 40 6
5 4 41 6
5 4 42 6
5 4 43 6
5 4 44 6
5 4 45 6
5 4 46 6
5 4 47 6
5 4 48 6
5 4 49 6
5 4 5 8
5 4 50 6
5 4 51 6
5 4 52 6
5 4 53 6
5 4 54 6
5 4 55 6
5 4 56 6
5 4 57 6
5 4 58 6
5 4 59 6
5 4 6 9
5 4 60 6
5 4 61 6
5 4 62 6
5 4 63 6
5 4 7 8
5 4 8 9
5 4 9 8
5 5 0 9
5 5 1 8
5 5 10 9
5 5 11 8
5 5 12 9
5 5 13 8
5 5 14 9
5 5 15 8
5 5 16 9
5 5 17 8
5 5 18 9
5 5 19 8
5 5 2 9
5 5 20 9
5 5 21 8
5 5 22 9
5 5 23 8
5 5 24 9
5 5 25 8
5 5 26 9
5 5 27 8
5 5 28 9
5 5 29 8
5 5 3 8
5 5 30 9
5 5 31 8
5 5 32 6
5 5 33 6
5 5 34 6
5 5 35 6
5 5 36 6
5 5 37 6
5 5 38 6
5 5 39 6
5 5 4 9
5 5 40 7
5 5 41 6
5 5 42 6
5 5 43 6
5 5 44 6
5 5 45 7
5 5 46 6
5 5 47 6
5 5 48 6
5 5 49 6
5 5 5 8
5 5 50 6
5 5 51 6
5 5 52 6
5 5 53 6
5 5 54 6
5 5 55 6
5 5 56 2
5 5 57 6
5 5 58 6
5 5 59 6
5 5 6 9
5 5 60 6
5 5 61 6
5 5 62 6
5 5 63 6
5 5 7 8
5 5 8 9
5 5 9 8
5 6 0 9
5 6 1 9
5 6 10 9
5 6 11 8
5 6 12 9
5 6 13 8
5 6 14 9
5 6 15 8
5 6 16 9
5 6 17 8
5 6 18 9
5 6 19 8
5 6 2 9
5 6 20 9
5 6 21 8
5 6 22 9
5 6 23 8
5 6 24 9
5 6 25 8
5 6 26 9
5 6 27 8
5 6 28 9
5 6 29 8
5 6 3 8
5 6 30 9
5 6 31 8
5 6 32 6
5 6 33 6
5 6 34 6
5 6 35 7
5 6 36 6
5 6 37 6
5 6 38 6
5 6 39 6
5 6 4 9
5 6 40 6
5 6 41 6
5 6 42 6
5 6 43 6
5 6 44 6
5 6 45 6
5 6 46 6
5 6 47 6
5 6 48 3
5 6 49 2
5 6 5 8
5 6 50 3
5 6 51 3
5 6 52 2
5 6 53 3
5 6 54 2
5 6 55 2
5 6 56 3
5 6 57 2
5 6 58 3
5 6 59 3
5 6 6 9
5 6 60 3
5 6 61 2
5 6 62 3
5 6 63 3
5 6 7 8
5 6 8 9
5 6 9 8
5 7 0 9
5 7 1 8
5 7 10 9
5 7 11 8
5 7 12 9
5 7 13 8
5 7 14 9
5 7 15 8
5 7 16 9
5 7 17 8
5 7 18 9
5 7 19 8
5 7 2 9
5 7 20 9
5 7 21 8
5 7 22 9
5 7 23 8
5 7 24 9
5 7 25 8
5 7 26 10
5 7 27 8
5 7 28 9
5 7 29 8
5 7 3 8
5 7 30 9
5 7 31 9
5 7 32 6
5 7 33 6
5 7 34 6
5 7 35 6
5 7 36 6
5 7 37 6
5 7 38 6
5 7 39 6
5 7 4 9
5 7 40 6
5 7 41 6
5 7 42 6
5 7 43 6
5 7 44 6
5 7 45 6
5 7 46 6
5 7 47 6
5 7 48 6
5 7 49 6
5 7 5 8
5 7 50 6
5 7 51 6
5 7 52 6
5 7 53 6
5 7 54 6
5 7 55 6
5 7 56 6
5 7 57 6
5 7 58 6
5 7 59 6
5 7 6 9
5 7 60 6
5 7 61 6
5 7 62 6
5 7 63 6
5 7 7 8
5 7 8 9
5 7 9 8
5 8 0 9
5 8 1 8
5 8 10 9
5 8 11 8
5 8 12 9
5 8 13 8
5 8 14 9
5 8 15 8
5 8 16 8
5 8 17 8
5 8 18 9
5 8 19 8
5 8 2 9
5 8 20 9
5 8 21 8
5 8 22 9
5 8 23 8
5 8 24 9
5 8 25 8
5 8 26 9
5 8 27 8
5 8 28 9
5 8 29 8
5 8 3 8
5 8 30 9
5 8 31 8
5 8 32 6
5 8 33 6
5 8 34 6
5 8 35 6
5 8 36 6
5 8 37 6
5 8 38 6
5 8 39 6
5 8 4 9
5 8 40 6
5 8 41 6
5 8 42 6
5 8 43 6
5 8 44 6
5 8 45 6
5 8 46 6
5 8 47 6
5 8 48 6
5 8 49 6
5 8 5 8
5 8 50 6
5 8 51 6
5 8 52 6
5 8 53 6
5 8 54 6
5 8 55 6
5 8 56 6
5 8 57 6
5 8 58 6
5 8 59 6
5 8 6 9
5 8 60 6
5 8 61 6
5 8 62 6
5 8 63 6
5 8 7 8
5 8 8 9
5 8 9 8
5 9 0 10
5 9 1 9
5 9 10 9
5 9 11 8
5 9 12 9
5 9 13 8
5 9 14 9
5 9 15 8
5 9 16 9
5 9 17 8
5 9 18 9
5 9 19 8
5 9 2 9
5 9 20 9
5 9 21 8
5 9 22 9
5 9 23 8
5 9 24 9
5 9 25 8
5 9 26 9
5 9 27 8
5 9 28 9
5 9 29 8
5 9 3 8
5 9 30 9
5 9 31 8
5 9 32 6
5 9 33 6
5 9 34 6
5 9 35 6
5 9 36 6
5 9 37 6
5 9 38 6
5 9 39 6
5 9 4 9
5 9 40 6
5 9 41 6
5 9 42 6
5 9 43 6
5 9 44 6
5 9 45 6
5 9 46 6
5 9 47 6
5 9 48 6
5 9 49 6
5 9 5 8
5 9 50 6
5 9 51 6
5 9 52 8
5 9 53 6
5 9 54 6
5 9 55 6
5 9 56 6
5 9 57 6
5 9 58 6
5 9 59 6
5 9 6 9
5 9 60 6
5 9 61 6
5 9 62 6
5 9 63 6
5 9 7 8
5 9 8 9
5 9 9 8
6 10 0 3
6 10 1 9
6 10 10 275
6 10 11 9
6 10 12 11
6 10 13 9
6 10 14 3
6 10 15 9
6 10 16 4
6 10 17 9
6 10 18 4
6 10 19 9
6 10 2 3
6 10 20 4
6 10 21 9
6 10 22 281
6 10 23 9
6 10 24 287
6 10 25 9
6 10 26 3
6 10 27 9
6 10 28 4
6 10 29 9
6 10 3 9
6 10 30 4
6 10 31 10
6 10 32 6
6 10 33 6
6 10 34 6
6 10 35 6
6 10 36 6
6 10 37 6
6 10 38 6
6 10 39 6
6 10 4 3
6 10 40 6
6 10 41 6
6 10 42 6
6 10 43 6
6 10 44 6
6 10 45 6
6 10 46 6
6 10 47 6
6 10 48 6
6 10 49 6
6 10 5 9
6 10 50 6
6 10 51 6
6 10 52 6
6 10 53 6
6 10 54 6
6 10 55 6
6 10 56 6
6 10 57 6
6 10 58 6
6 10 59 6
6 10 6 272
6 10 60 6
6 10 61 6
6 10 62 6
6 10 63 6
6 10 7 9
6 10 8 274
6 10 9 9
6 11 0 10
6 11 1 9
6 11 10 270
6 11 11 9
6 11 12 4
6 11 13 9
6 11 14 3
6 11 15 9
6 11 16 268
6 11 17 9
6 11 18 3
6 11 19 9
6 11 2 279
6 11 20 4
6 11 21 9
6 11 22 4
6 11 23 9
6 11 24 3
6 11 25 32
6 11 26 4
6 11 27 55
6 11 28 4
6 11 29 17
6 11 3 9
6 11 30 276
6 11 31 10
6 11 32 6
6 11 33 6
6 11 34 6
6 11 35 7
6 11 36 9
6 11 37 18
6 11 38 11
6 11 39 6
6 11 4 11
6 11 40 6
6 11 41 6
6 11 42 6
6 11 43 6
6 11 44 6
6 11 45 6
6 11 46 6
6 11 47 7
6 11 48 6
6 11 49 6
6 11 5 9
6 11 50 6
6 11 51 6
6 11 52 6
6 11 53 6
6 11 54 6
6 11 55 6
6 11 56 6
6 11 57 6
6 11 58 6
6 11 59 6
6 11 6 284
6 11 60 6
6 11 61 6
6 11 62 6
6 11 63 6
6 11 7 9
6 11 8 277
6 11 9 9
6 12 0 277
6 12 1 10
6 12 10 295
6 12 11 9
6 12 12 3
6 12 13 9
6 12 14 3
6 12 15 9
6 12 16 4
6 12 17 10
6 12 18 4
6 12 19 10
6 12 2 291
6 12 20 297
6 12 21 9
6 12 22 297
6 12 23 9
6 12 24 4
6 12 25 9
6 12 26 297
6 12 27 9
6 12 28 3
6 12 29 9
6 12 3 10
6 12 30 3
6 12 31 9
6 12 32 6
6 12 33 6
6 12 34 6
6 12 35 6
6 12 36 6
6 12 37 6
6 12 38 6
6 12 39 6
6 12 4 3
6 12 40 6
6 12 41 6
6 12 42 6
6 12 43 6
6 12 44 6
6 12 45 7
6 12 46 6
6 12 47 6
6 12 48 2
6 12 49 3
6 12 5 10
6 12 50 3
6 12 51 2
6 12 52 2
6 12 53 3
6 12 54 3
6 12 55 3
6 12 56 3
6 12 57 3
6 12 58 3
6 12 59 2
6 12 6 3
6 12 60 3
6 12 61 2
6 12 62 3
6 12 63 2
6 12 7 9
6 12 8 3
6 12 9 9
6 13 0 9
6 13 1 8
6 13 10 9
6 13 11 8
6 13 12 9
6 13 13 8
6 13 14 9
6 13 15 8
6 13 16 8
6 13 17 8
6 13 18 9
6 13 19 8
6 13 2 9
6 13 20 9
6 13 21 8
6 13 22 9
6 13 23 8
6 13 24 8
6 13 25 8
6 13 26 8
6 13 27 8
6 13 28 8
6 13 29 8
6 13 3 8
6 13 30 9
6 13 31 8
6 13 32 6
6 13 33 6
6 13 34 5
6 13 35 6
6 13 36 6
6 13 37 6
6 13 38 6
6 13 39 6
6 13 4 9
6 13 40 6
6 13 41 6
6 13 42 5
6 13 43 5
6 13 44 6
6 13 45 7
6 13 46 6
6 13 47 6
6 13 48 6
6 13 49 6
6 13 5 8
6 13 50 6
6 13 51 6
6 13 52 6
6 13 53 6
6 13 54 6
6 13 55 6
6 13 56 6
6 13 57 6
6 13 58 6
6 13 59 6
6 13 6 9
6 13 60 6
6 13 61 6
6 13 62 6
6 13 63 6
6 13 7 8
6 13 8 9
6 13 9 8
6 14 0 9
6 14 1 8
6 14 10 9
6 14 11 8
6 14 12 9
6 14 13 8
6 14 14 9
6 14 15 8
6 14 16 12
6 14 17 14
6 14 18 14
6 14 19 15
6 14 2 9
6 14 20 15
6 14 21 16
6 14 22 19
6 14 23 14
6 14 24 14
6 14 25 15
6 14 26 15
6 14 27 16
6 14 28 14
6 14 29 14
6 14 3 8
6 14 30 14
6 14 31 12
6 14 32 2
6 14 33 2
6 14 34 3
6 14 35 3
6 14 36 2
6 14 37 2
6 14 38 3
6 14 39 3
6 14 4 9
6 14 40 2
6 14 41 2
6 14 42 3
6 14 43 2
6 14 44 2
6 14 45 3
6 14 46 3
6 14 47 3
6 14 48 6
6 14 49 6
6 14 5 8
6 14 50 6
6 14 51 6
6 14 52 6
6 14 53 6
6 14 54 6
6 14 55 6
6 14 56 6
6 14 57 6
6 14 58 6
6 14 59 6
6 14 6 9
6 14 60 6
6 14 61 6
6 14 62 6
6 14 63 6
6 14 7 8
6 14 8 9
6 14 9 8
6 15 0 9
6 15 1 8
6 15 10 9
6 15 11 8
6 15 12 9
6 15 13 8
6 15 14 9
6 15 15 8
6 15 16 9
6 15 17 8
6 15 18 9
6 15 19 8
6 15 2 9
6 15 20 9
6 15 21 8
6 15 22 9
6 15 23 8
6 15 24 9
6 15 25 8
6 15 26 9
6 15 27 8
6 15 28 9
6 15 29 8
6 15 3 8
6 15 30 9
6 15 31 8
6 15 32 6
6 15 33 6
6 15 34 6
6 15 35 6
6 15 36 5
6 15 37 6
6 15 38 6
6 15 39 6
6 15 4 9
6 15 40 6
6 15 41 6
6 15 42 6
6 15 43 6
6 15 44 6
6 15 45 6
6 15 46 6
6 15 47 6
6 15 48 6
6 15 49 6
6 15 5 8
6 15 50 6
6 15 51 6
6 15 52 6
6 15 53 6
6 15 54 6
6 15 55 6
6 15 56 6
6 15 57 6
6 15 58 6
6 15 59 6
6 15 6 9
6 15 60 6
6 15 61 6
6 15 62 6
6 15 63 6
6 15 7 8
6 15 8 9
6 15 9 8
6 16 0 9
6 16 1 8
6 16 10 9
6 16 11 8
6 16 12 9
6 16 13 8
6 16 14 9
6 16 15 8
6 16 16 9
6 16 17 8
6 16 18 9
6 16 19 8
6 16 2 10
6 16 20 9
6 16 21 8
6 16 22 9
6 16 23 8
6 16 24 9
6 16 25 8
6 16 26 9
6 16 27 8
6 16 28 9
6 16 29 8
6 16 3 8
6 16 30 9
6 16 31 9
6 16 32 6
6 16 33 6
6 16 34 6
6 16 35 6
6 16 36 6
6 16 37 6
6 16 38 6
6 16 39 6
6 16 4 9
6 16 40 6
6 16 41 6
6 16 42 6
6 16 43 6
6 16 44 6
6 16 45 6
6 16 46 6
6 16 47 6
6 16 48 6
6 16 49 6
6 16 5 8
6 16 50 6
6 16 51 6
6 16 52 6
6 16 53 6
6 16 54 6
6 16 55 6
6 16 56 6
6 16 57 6
6 16 58 6
6 16 59 6
6 16 6 9
6 16 60 6
6 16 61 6
6 16 62 6
6 16 63 6
6 16 7 8
6 16 8 9
6 16 9 8
6 17 0 9
6 17 1 8
6 17 10 9
6 17 11 8
6 17 12 9
6 17 13 8
6 17 14 9
6 17 15 8
6 17 16 9
6 17 17 9
6 17 18 9
6 17 19 9
6 17 2 9
6 17 20 9
6 17 21 8
6 17 22 9
6 17 23 8
6 17 24 9
6 17 25 8
6 17 26 9
6 17 27 8
6 17 28 9
6 17 29 8
6 17 3 8
6 17 30 9
6 17 31 8
6 17 32 6
6 17 33 6
6 17 34 6
6 17 35 6
6 17 36 6
6 17 37 6
6 17 38 6
6 17 39 6
6 17 4 9
6 17 40 6
6 17 41 6
6 17 42 6
6 17 43 7
6 17 44 6
6 17 45 6
6 17 46 6
6 17 47 6
6 17 48 6
6 17 49 6
6 17 5 8
6 17 50 6
6 17 51 6
6 17 52 6
6 17 53 6
6 17 54 6
6 17 55 6
6 17 56 6
6 17 57 6
6 17 58 6
6 17 59 6
6 17 6 9
6 17 60 6
6 17 61 6
6 17 62 6
6 17 63 6
6 17 7 8
6 17 8 9
6 17 9 8
6 18 0 9
6 18 1 9
6 18 10 9
6 18 11 9
6 18 12 9
6 18 13 9
6 18 14 9
6 18 15 9
6 18 16 9
6 18 17 8
6 18 18 9
6 18 19 8
6 18 2 9
6 18 20 9
6 18 21 8
6 18 22 9
6 18 23 8
6 18 24 9
6 18 25 8
6 18 26 9
6 18 27 8
6 18 28 9
6 18 29 8
6 18 3 9
6 18 30 9
6 18 31 8
6 18 32 6
6 18 33 6
6 18 34 6
6 18 35 6
6 18 36 6
6 18 37 6
6 18 38 6
6 18 39 6
6 18 4 9
6 18 40 6
6 18 41 6
6 18 42 6
6 18 43 6
6 18 44 6
6 18 45 6
6 18 46 6
6 18 47 6
6 18 48 6
6 18 49 6
6 18 5 9
6 18 50 6
6 18 51 6
6 18 52 6
6 18 53 6
6 18 54 6
6 18 55 6
6 18 56 6
6 18 57 6
6 18 58 6
6 18 59 6
6 18 6 9
6 18 60 5
6 18 61 6
6 18 62 6
6 18 63 7
6 18 7 9
6 18 8 9
6 18 9 8
6 4 0 3
6 4 1 8
6 4 10 4
6 4 11 9
6 4 12 4
6 4 13 9
6 4 14 3
6 4 15 9
6 4 16 8
6 4 17 9
6 4 18 8
6 4 19 9
6 4 2 3
6 4 20 8
6 4 21 9
6 4 22 8
6 4 23 9
6 4 24 8
6 4 25 9
6 4 26 8
6 4 27 9
6 4 28 8
6 4 29 9
6 4 3 8
6 4 30 9
6 4 31 9
6 4 32 6
6 4 33 6
6 4 34 6
6 4 35 6
6 4 36 6
6 4 37 6
6 4 38 6
6 4 39 6
6 4 4 4
6 4 40 6
6 4 41 6
6 4 42 6
6 4 43 6
6 4 44 6
6 4 45 6
6 4 46 6
6 4 47 6
6 4 48 6
6 4 49 6
6 4 5 9
6 4 50 6
6 4 51 6
6 4 52 6
6 4 53 6
6 4 54 6
6 4 55 6
6 4 56 6
6 4 57 6
6 4 58 6
6 4 59 6
6 4 6 4
6 4 60 6
6 4 61 6
6 4 62 6
6 4 63 6
6 4 7 9
6 4 8 4
6 4 9 9
6 5 0 3
6 5 1 9
6 5 10 3
6 5 11 9
6 5 12 3
6 5 13 9
6 5 14 3
6 5 15 9
6 5 16 4
6 5 17 8
6 5 18 3
6 5 19 8
6 5 2 3
6 5 20 3
6 5 21 9
6 5 22 4
6 5 23 9
6 5 24 3
6 5 25 8
6 5 26 3
6 5 27 8
6 5 28 3
6 5 29 8
6 5 3 9
6 5 30 3
6 5 31 8
6 5 32 6
6 5 33 6
6 5 34 6
6 5 35 6
6 5 36 6
6 5 37 6
6 5 38 6
6 5 39 6
6 5 4 3
6 5 40 6
6 5 41 6
6 5 42 6
6 5 43 6
6 5 44 6
6 5 45 6
6 5 46 6
6 5 47 6
6 5 48 6
6 5 49 6
6 5 5 9
6 5 50 6
6 5 51 6
6 5 52 6
6 5 53 6
6 5 54 6
6 5 55 6
6 5 56 6
6 5 57 6
6 5 58 6
6 5 59 6
6 5 6 4
6 5 60 6
6 5 61 6
6 5 62 6
6 5 63 6
6 5 7 9
6 5 8 3
6 5 9 9
6 6 0 3
6 6 1 9
6 6 10 3
6 6 11 9
6 6 12 4
6 6 13 9
6 6 14 4
6 6 15 9
6 6 16 3
6 6 17 9
6 6 18 4
6 6 19 9
6 6 2 3
6 6 20 4
6 6 21 9
6 6 22 4
6 6 23 9
6 6 24 4
6 6 25 9
6 6 26 3
6 6 27 9
6 6 28 3
6 6 29 9
6 6 3 9
6 6 30 9
6 6 31 9
6 6 32 6
6 6 33 6
6 6 34 6
6 6 35 6
6 6 36 6
6 6 37 6
6 6 38 6
6 6 39 6
6 6 4 3
6 6 40 6
6 6 41 6
6 6 42 6
6 6 43 6
6 6 44 6
6 6 45 6
6 6 46 6
6 6 47 6
6 6 48 6
6 6 49 6
6 6 5 9
6 6 50 6
6 6 51 6
6 6 52 6
6 6 53 6
6 6 54 6
6 6 55 6
6 6 56 6
6 6 57 6
6 6 58 6
6 6 59 6
6 6 6 3
6 6 60 6
6 6 61 6
6 6 62 6
6 6 63 6
6 6 7 9
6 6 8 3
6 6 9 9
6 7 0 3
6 7 1 8
6 7 10 4
6 7 11 8
6 7 12 3
6 7 13 8
6 7 14 3
6 7 15 8
6 7 16 3
6 7 17 8
6 7 18 5
6 7 19 8
6 7 2 4
6 7 20 3
6 7 21 8
6 7 22 3
6 7 23 8
6 7 24 4
6 7 25 8
6 7 26 3
6 7 27 8
6 7 28 4
6 7 29 8
6 7 3 8
6 7 30 3
6 7 31 9
6 7 32 6
6 7 33 6
6 7 34 6
6 7 35 6
6 7 36 6
6 7 37 6
6 7 38 6
6 7 39 6
6 7 4 3
6 7 40 6
6 7 41 6
6 7 42 6
6 7 43 6
6 7 44 6
6 7 45 6
6 7 46 6
6 7 47 6
6 7 48 6
6 7 49 6
6 7 5 8
6 7 50 6
6 7 51 6
6 7 52 6
6 7 53 6
6 7 54 6
6 7 55 6
6 7 56 6
6 7 57 6
6 7 58 6
6 7 59 6
6 7 6 4
6 7 60 6
6 7 61 6
6 7 62 6
6 7 63 6
6 7 7 8
6 7 8 4
6 7 9 8
6 8 0 3
6 8 1 8
6 8 10 4
6 8 11 8
6 8 12 3
6 8 13 8
6 8 14 4
6 8 15 8
6 8 16 9
6 8 17 8
6 8 18 4
6 8 19 8
6 8 2 4
6 8 20 4
6 8 21 8
6 8 22 4
6 8 23 8
6 8 24 4
6 8 25 8
6 8 26 9
6 8 27 8
6 8 28 9
6 8 29 8
6 8 3 8
6 8 30 4
6 8 31 8
6 8 32 6
6 8 33 6
6 8 34 6
6 8 35 6
6 8 36 7
6 8 37 6
6 8 38 6
6 8 39 6
6 8 4 4
6 8 40 6
6 8 41 6
6 8 42 6
6 8 43 6
6 8 44 7
6 8 45 6
6 8 46 6
6 8 47 6
6 8 48 6
6 8 49 6
6 8 5 8
6 8 50 6
6 8 51 6
6 8 52 6
6 8 53 6
6 8 54 6
6 8 55 6
6 8 56 6
6 8 57 6
6 8 58 6
6 8 59 6
6 8 6 4
6 8 60 6
6 8 61 6
6 8 62 6
6 8 63 6
6 8 7 8
6 8 8 4
6 8 9 8
6 9 0 751
6 9 1 27
6 9 10 4
6 9 11 30
6 9 12 4
6 9 13 29
6 9 14 4
6 9 15 29
6 9 16 244
6 9 17 8
6 9 18 4
6 9 19 8
6 9 2 382
6 9 20 4
6 9 21 8
6 9 22 247
6 9 23 8
6 9 24 4
6 9 25 8
6 9 26 5
6 9 27 8
6 9 28 240
6 9 29 8
6 9 3 29
6 9 30 251
6 9 31 8
6 9 32 6
6 9 33 6
6 9 34 6
6 9 35 6
6 9 36 6
6 9 37 6
6 9 38 6
6 9 39 6
6 9 4 316
6 9 40 6
6 9 41 6
6 9 42 6
6 9 43 6
6 9 44 6
6 9 45 6
6 9 46 6
6 9 47 6
6 9 48 6
6 9 49 6
6 9 5 29
6 9 50 6
6 9 51 6
6 9 52 6
6 9 53 6
6 9 54 6
6 9 55 6
6 9 56 6
6 9 57 6
6 9 58 6
6 9 59 6
6 9 6 6
6 9 60 6
6 9 61 6
6 9 62 6
6 9 63 7
6 9 7 29
6 9 8 298
6 9 9 29
7 10 0 4
7 10 1 8
7 10 10 4
7 10 11 8
7 10 12 4
7 10 13 8
7 10 14 4
7 10 15 8
7 10 16 4
7 10 17 8
7 10 18 4
7 10 19 8
7 10 2 3
7 10 20 4
7 10 21 8
7 10 22 3
7 10 23 8
7 10 24 4
7 10 25 8
7 10 26 3
7 10 27 8
7 10 28 4
7 10 29 8
7 10 3 8
7 10 30 215
7 10 31 8
7 10 32 6
7 10 33 6
7 10 34 6
7 10 35 7
7 10 36 6
7 10 37 6
7 10 38 6
7 10 39 7
7 10 4 4
7 10 40 6
7 10 41 6
7 10 42 6
7 10 43 6
7 10 44 6
7 10 45 7
7 10 46 6
7 10 47 6
7 10 48 6
7 10 49 6
7 10 5 8
7 10 50 6
7 10 51 6
7 10 52 6
7 10 53 6
7 10 54 9
7 10 55 6
7 10 56 6
7 10 57 6
7 10 58 6
7 10 59 6
7 10 6 4
7 10 60 6
7 10 61 6
7 10 62 6
7 10 63 6
7 10 7 8
7 10 8 4
7 10 9 8
7 11 0 4
7 11 1 10
7 11 10 4
7 11 11 8
7 11 12 7
7 11 13 8
7 11 14 7
7 11 15 8
7 11 16 7
7 11 17 8
7 11 18 7
7 11 19 8
7 11 2 3
7 11 20 7
7 11 21 8
7 11 22 7
7 11 23 8
7 11 24 7
7 11 25 8
7 11 26 7
7 11 27 8
7 11 28 7
7 11 29 8
7 11 3 10
7 11 30 3
7 11 31 8
7 11 32 6
7 11 33 6
7 11 34 6
7 11 35 6
7 11 36 6
7 11 37 6
7 11 38 6
7 11 39 6
7 11 4 3
7 11 40 6
7 11 41 6
7 11 42 6
7 11 43 6
7 11 44 6
7 11 45 6
7 11 46 6
7 11 47 6
7 11 48 2
7 11 49 3
7 11 5 8
7 11 50 3
7 11 51 2
7 11 52 2
7 11 53 3
7 11 54 3
7 11 55 2
7 11 56 3
7 11 57 2
7 11 58 2
7 11 59 2
7 11 6 4
7 11 60 2
7 11 61 2
7 11 62 2
7 11 63 2
7 11 7 10
7 11 8 4
7 11 9 8
7 12 0 3
7 12 1 8
7 12 10 3
7 12 11 8
7 12 12 4
7 12 13 8
7 12 14 4
7 12 15 8
7 12 16 3
7 12 17 8
7 12 18 3
7 12 19 8
7 12 2 4
7 12 20 3
7 12 21 8
7 12 22 3
7 12 23 8
7 12 24 4
7 12 25 8
7 12 26 4
7 12 27 8
7 12 28 2
7 12 29 8
7 12 3 8
7 12 30 3
7 12 31 7
7 12 32 6
7 12 33 6
7 12 34 6
7 12 35 6
7 12 36 6
7 12 37 6
7 12 38 6
7 12 39 6
7 12 4 3
7 12 40 6
7 12 41 6
7 12 42 6
7 12 43 6
7 12 44 6
7 12 45 6
7 12 46 6
7 12 47 6
7 12 48 6
7 12 49 6
7 12 5 8
7 12 50 6
7 12 51 6
7 12 52 6
7 12 53 6
7 12 54 6
7 12 55 6
7 12 56 6
7 12 57 6
7 12 58 6
7 12 59 6
7 12 6 4
7 12 60 6
7 12 61 6
7 12 62 6
7 12 63 6
7 12 7 8
7 12 8 3
7 12 9 8
7 13 0 4
7 13 1 8
7 13 10 4
7 13 11 8
7 13 12 4
7 13 13 8
7 13 14 4
7 13 15 8
7 13 16 3
7 13 17 8
7 13 18 4
7 13 19 8
7 13 2 8
7 13 20 4
7 13 21 8
7 13 22 4
7 13 23 8
7 13 24 4
7 13 25 8
7 13 26 4
7 13 27 8
7 13 28 3
7 13 29 5
7 13 3 8
7 13 30 4
7 13 31 8
7 13 32 6
7 13 33 6
7 13 34 6
7 13 35 6
7 13 36 6
7 13 37 6
7 13 38 6
7 13 39 5
7 13 4 4
7 13 40 6
7 13 41 5
7 13 42 6
7 13 43 5
7 13 44 6
7 13 45 5
7 13 46 6
7 13 47 6
7 13 48 6
7 13 49 6
7 13 5 8
7 13 50 6
7 13 51 6
7 13 52 6
7 13 53 6
7 13 54 6
7 13 55 6
7 13 56 6
7 13 57 6
7 13 58 6
7 13 59 6
7 13 6 4
7 13 60 6
7 13 61 6
7 13 62 6
7 13 63 6
7 13 7 8
7 13 8 3
7 13 9 8
7 14 0 4
7 14 1 8
7 14 10 4
7 14 11 8
7 14 12 4
7 14 13 8
7 14 14 3
7 14 15 8
7 14 16 3
7 14 17 8
7 14 18 4
7 14 19 8
7 14 2 3
7 14 20 3
7 14 21 8
7 14 22 3
7 14 23 8
7 14 24 4
7 14 25 8
7 14 26 3
7 14 27 8
7 14 28 4
7 14 29 8
7 14 3 8
7 14 30 3
7 14 31 8
7 14 32 5
7 14 33 6
7 14 34 6
7 14 35 6
7 14 36 6
7 14 37 6
7 14 38 6
7 14 39 6
7 14 4 3
7 14 40 6
7 14 41 6
7 14 42 6
7 14 43 6
7 14 44 6
7 14 45 6
7 14 46 6
7 14 47 6
7 14 48 6
7 14 49 6
7 14 5 8
7 14 50 6
7 14 51 6
7 14 52 6
7 14 53 6
7 14 54 6
7 14 55 6
7 14 56 6
7 14 57 6
7 14 58 6
7 14 59 6
7 14 6 3
7 14 60 6
7 14 61 6
7 14 62 6
7 14 63 6
7 14 7 9
7 14 8 4
7 14 9 8
7 15 0 3
7 15 1 9
7 15 10 3
7 15 11 8
7 15 12 3
7 15 13 8
7 15 14 3
7 15 15 8
7 15 16 4
7 15 17 8
7 15 18 4
7 15 19 8
7 15 2 3
7 15 20 4
7 15 21 8
7 15 22 3
7 15 23 8
7 15 24 3
7 15 25 8
7 15 26 3
7 15 27 8
7 15 28 3
7 15 29 8
7 15 3 8
7 15 30 3
7 15 31 8
7 15 32 6
7 15 33 6
7 15 34 6
7 15 35 6
7 15 36 6
7 15 37 6
7 15 38 6
7 15 39 6
7 15 4 4
7 15 40 6
7 15 41 6
7 15 42 6
7 15 43 6
7 15 44 6
7 15 45 6
7 15 46 6
7 15 47 6
7 15 48 6
7 15 49 6
7 15 5 8
7 15 50 6
7 15 51 6
7 15 52 6
7 15 53 6
7 15 54 6
7 15 55 6
7 15 56 6
7 15 57 6
7 15 58 6
7 15 59 6
7 15 6 3
7 15 60 6
7 15 61 6
7 15 62 6
7 15 63 6
7 15 7 8
7 15 8 3
7 15 9 8
7 16 0 7
7 16 1 8
7 16 10 7
7 16 11 8
7 16 12 7
7 16 13 8
7 16 14 7
7 16 15 8
7 16 16 7
7 16 17 8
7 16 18 7
7 16 19 8
7 16 2 7
7 16 20 7
7 16 21 8
7 16 22 4
7 16 23 8
7 16 24 4
7 16 25 8
7 16 26 4
7 16 27 8
7 16 28 3
7 16 29 8
7 16 3 8
7 16 30 3
7 16 31 8
7 16 32 3
7 16 33 3
7 16 34 2
7 16 35 2
7 16 36 2
7 16 37 2
7 16 38 3
7 16 39 2
7 16 4 7
7 16 40 3
7 16 41 2
7 16 42 2
7 16 43 2
7 16 44 2
7 16 45 6
7 16 46 6
7 16 47 6
7 16 48 6
7 16 49 6
7 16 5 8
7 16 50 6
7 16 51 6
7 16 52 6
7 16 53 6
7 16 54 6
7 16 55 6
7 16 56 6
7 16 57 6
7 16 58 6
7 16 59 6
7 16 6 7
7 16 60 6
7 16 61 6
7 16 62 6
7 16 63 6
7 16 7 8
7 16 8 7
7 16 9 8
7 17 0 3
7 17 1 8
7 17 10 3
7 17 11 8
7 17 12 3
7 17 13 8
7 17 14 8
7 17 15 8
7 17 16 3
7 17 17 8
7 17 18 4
7 17 19 8
7 17 2 4
7 17 20 3
7 17 21 8
7 17 22 7
7 17 23 8
7 17 24 7
7 17 25 8
7 17 26 7
7 17 27 8
7 17 28 7
7 17 29 8
7 17 3 8
7 17 30 7
7 17 31 8
7 17 32 6
7 17 33 6
7 17 34 6
7 17 35 6
7 17 36 6
7 17 37 6
7 17 38 6
7 17 39 6
7 17 4 3
7 17 40 6
7 17 41 6
7 17 42 6
7 17 43 6
7 17 44 6
7 17 45 6
7 17 46 6
7 17 47 6
7 17 48 6
7 17 49 6
7 17 5 8
7 17 50 6
7 17 51 6
7 17 52 6
7 17 53 6
7 17 54 6
7 17 55 6
7 17 56 6
7 17 57 6
7 17 58 6
7 17 59 6
7 17 6 4
7 17 60 6
7 17 61 6
7 17 62 6
7 17 63 6
7 17 7 8
7 17 8 4
7 17 9 8
7 18 0 8
7 18 1 8
7 18 10 3
7 18 11 8
7 18 12 8
7 18 13 8
7 18 14 3
7 18 15 8
7 18 16 3
7 18 17 8
7 18 18 4
7 18 19 8
7 18 2 8
7 18 20 4
7 18 21 8
7 18 22 4
7 18 23 8
7 18 24 4
7 18 25 8
7 18 26 4
7 18 27 8
7 18 28 3
7 18 29 8
7 18 3 8
7 18 30 4
7 18 31 8
7 18 32 5
7 18 33 6
7 18 34 5
7 18 35 6
7 18 36 5
7 18 37 6
7 18 38 5
7 18 39 5
7 18 4 8
7 18 40 6
7 18 41 6
7 18 42 6
7 18 43 6
7 18 44 5
7 18 45 6
7 18 46 5
7 18 47 6
7 18 48 6
7 18 49 6
7 18 5 8
7 18 50 6
7 18 51 6
7 18 52 6
7 18 53 6
7 18 54 6
7 18 55 6
7 18 56 6
7 18 57 6
7 18 58 6
7 18 59 6
7 18 6 3
7 18 60 6
7 18 61 6
7 18 62 6
7 18 63 6
7 18 7 8
7 18 8 4
7 18 9 8
7 4 0 4
7 4 1 8
7 4 10 4
7 4 11 8
7 4 12 6
7 4 13 8
7 4 14 3
7 4 15 8
7 4 16 6
7 4 17 8
7 4 18 6
7 4 19 8
7 4 2 3
7 4 20 6
7 4 21 8
7 4 22 6
7 4 23 8
7 4 24 6
7 4 25 8
7 4 26 6
7 4 27 8
7 4 28 6
7 4 29 8
7 4 3 8
7 4 30 6
7 4 31 8
7 4 32 6
7 4 33 6
7 4 34 6
7 4 35 6
7 4 36 6
7 4 37 6
7 4 38 6
7 4 39 6
7 4 4 3
7 4 40 6
7 4 41 6
7 4 42 6
7 4 43 6
7 4 44 6
7 4 45 6
7 4 46 6
7 4 47 6
7 4 48 6
7 4 49 6
7 4 5 8
7 4 50 6
7 4 51 6
7 4 52 6
7 4 53 6
7 4 54 6
7 4 55 6
7 4 56 6
7 4 57 6
7 4 58 6
7 4 59 6
7 4 6 4
7 4 60 6
7 4 61 6
7 4 62 6
7 4 63 6
7 4 7 8
7 4 8 3
7 4 9 8
7 5 0 4
7 5 1 5
7 5 10 3
7 5 11 8
7 5 12 4
7 5 13 8
7 5 14 3
7 5 15 8
7 5 16 3
7 5 17 8
7 5 18 4
7 5 19 8
7 5 2 5
7 5 20 4
7 5 21 8
7 5 22 4
7 5 23 8
7 5 24 3
7 5 25 8
7 5 26 215
7 5 27 8
7 5 28 211
7 5 29 8
7 5 3 8
7 5 30 4
7 5 31 8
7 5 32 6
7 5 33 6
7 5 34 6
7 5 35 6
7 5 36 6
7 5 37 6
7 5 38 6
7 5 39 6
7 5 4 4
7 5 40 6
7 5 41 6
7 5 42 6
7 5 43 6
7 5 44 6
7 5 45 6
7 5 46 6
7 5 47 6
7 5 48 6
7 5 49 6
7 5 5 8
7 5 50 6
7 5 51 6
7 5 52 6
7 5 53 6
7 5 54 6
7 5 55 6
7 5 56 6
7 5 57 6
7 5 58 6
7 5 59 6
7 5 6 7
7 5 60 6
7 5 61 6
7 5 62 6
7 5 63 6
7 5 7 8
7 5 8 4
7 5 9 8
7 6 0 6
7 6 1 8
7 6 10 6
7 6 11 8
7 6 12 6
7 6 13 8
7 6 14 6
7 6 15 8
7 6 16 3
7 6 17 2
7 6 18 2
7 6 19 2
7 6 2 6
7 6 20 2
7 6 21 2
7 6 22 3
7 6 23 2
7 6 24 2
7 6 25 2
7 6 26 2
7 6 27 2
7 6 28 2
7 6 29 3
7 6 3 8
7 6 30 2
7 6 31 3
7 6 32 6
7 6 33 6
7 6 34 6
7 6 35 6
7 6 36 6
7 6 37 6
7 6 38 6
7 6 39 6
7 6 4 6
7 6 40 6
7 6 41 6
7 6 42 6
7 6 43 6
7 6 44 7
7 6 45 6
7 6 46 6
7 6 47 6
7 6 48 6
7 6 49 6
7 6 5 8
7 6 50 6
7 6 51 6
7 6 52 6
7 6 53 6
7 6 54 7
7 6 55 6
7 6 56 6
7 6 57 6
7 6 58 6
7 6 59 6
7 6 6 6
7 6 60 6
7 6 61 6
7 6 62 6
7 6 63 6
7 6 7 8
7 6 8 7
7 6 9 8
7 7 0 3
7 7 1 8
7 7 10 6
7 7 11 8
7 7 12 4
7 7 13 8
7 7 14 4
7 7 15 8
7 7 16 3
7 7 17 8
7 7 18 7
7 7 19 8
7 7 2 4
7 7 20 7
7 7 21 8
7 7 22 7
7 7 23 8
7 7 24 7
7 7 25 8
7 7 26 7
7 7 27 9
7 7 28 4
7 7 29 8
7 7 3 8
7 7 30 5
7 7 31 9
7 7 32 6
7 7 33 6
7 7 34 6
7 7 35 6
7 7 36 6
7 7 37 6
7 7 38 6
7 7 39 6
7 7 4 3
7 7 40 6
7 7 41 6
7 7 42 6
7 7 43 6
7 7 44 6
7 7 45 6
7 7 46 6
7 7 47 6
7 7 48 6
7 7 49 6
7 7 5 8
7 7 50 6
7 7 51 6
7 7 52 6
7 7 53 6
7 7 54 6
7 7 55 6
7 7 56 6
7 7 57 6
7 7 58 6
7 7 59 6
7 7 6 4
7 7 60 6
7 7 61 6
7 7 62 6
7 7 63 6
7 7 7 8
7 7 8 7
7 7 9 8
7 8 0 6
7 8 1 8
7 8 10 7
7 8 11 8
7 8 12 6
7 8 13 8
7 8 14 7
7 8 15 8
7 8 16 6
7 8 17 8
7 8 18 6
7 8 19 8
7 8 2 7
7 8 20 6
7 8 21 8
7 8 22 6
7 8 23 8
7 8 24 6
7 8 25 8
7 8 26 6
7 8 27 9
7 8 28 6
7 8 29 8
7 8 3 8
7 8 30 7
7 8 31 8
7 8 32 6
7 8 33 6
7 8 34 6
7 8 35 6
7 8 36 6
7 8 37 6
7 8 38 6
7 8 39 6
7 8 4 7
7 8 40 6
7 8 41 6
7 8 42 6
7 8 43 6
7 8 44 6
7 8 45 6
7 8 46 6
7 8 47 6
7 8 48 6
7 8 49 6
7 8 5 8
7 8 50 6
7 8 51 6
7 8 52 6
7 8 53 6
7 8 54 6
7 8 55 6
7 8 56 5
7 8 57 6
7 8 58 6
7 8 59 6
7 8 6 7
7 8 60 6
7 8 61 6
7 8 62 6
7 8 63 6
7 8 7 8
7 8 8 7
7 8 9 8
7 9 0 3
7 9 1 9
7 9 10 4
7 9 11 7
7 9 12 4
7 9 13 8
7 9 14 3
7 9 15 8
7 9 16 7
7 9 17 8
7 9 18 7
7 9 19 8
7 9 2 3
7 9 20 7
7 9 21 8
7 9 22 7
7 9 23 8
7 9 24 7
7 9 25 8
7 9 26 7
7 9 27 8
7 9 28 7
7 9 29 8
7 9 3 8
7 9 30 7
7 9 31 8
7 9 32 6
7 9 33 6
7 9 34 6
7 9 35 6
7 9 36 6
7 9 37 6
7 9 38 6
7 9 39 6
7 9 4 3
7 9 40 6
7 9 41 6
7 9 42 6
7 9 43 6
7 9 44 6
7 9 45 6
7 9 46 6
7 9 47 6
7 9 48 6
7 9 49 6
7 9 5 8
7 9 50 2
7 9 51 6
7 9 52 2
7 9 53 6
7 9 54 6
7 9 55 6
7 9 56 6
7 9 57 6
7 9 58 6
7 9 59 6
7 9 6 3
7 9 60 6
7 9 61 6
7 9 62 6
7 9 63 6
7 9 7 8
7 9 8 3
7 9 9 8
8 10 0 5
8 10 1 8
8 10 10 5
8 10 11 8
8 10 12 5
8 10 13 9
8 10 14 5
8 10 15 8
8 10 16 5
8 10 17 8
8 10 18 5
8 10 19 9
8 10 2 5
8 10 20 5
8 10 21 8
8 10 22 6
8 10 23 9
8 10 24 5
8 10 25 9
8 10 26 5
8 10 27 8
8 10 28 5
8 10 29 9
8 10 3 9
8 10 30 5
8 10 31 9
8 10 32 6
8 10 33 6
8 10 34 6
8 10 35 6
8 10 36 6
8 10 37 6
8 10 38 6
8 10 39 6
8 10 4 5
8 10 40 6
8 10 41 6
8 10 42 6
8 10 43 6
8 10 44 6
8 10 45 6
8 10 46 6
8 10 47 6
8 10 48 3
8 10 49 3
8 10 5 9
8 10 50 3
8 10 51 2
8 10 52 2
8 10 53 3
8 10 54 2
8 10 55 2
8 10 56 3
8 10 57 3
8 10 58 2
8 10 59 2
8 10 6 5
8 10 60 3
8 10 61 2
8 10 62 3
8 10 63 2
8 10 7 9
8 10 8 5
8 10 9 9
8 11 0 5
8 11 1 9
8 11 10 5
8 11 11 9
8 11 12 5
8 11 13 9
8 11 14 6
8 11 15 9
8 11 16 5
8 11 17 9
8 11 18 5
8 11 19 8
8 11 2 5
8 11 20 5
8 11 21 9
8 11 22 5
8 11 23 8
8 11 24 5
8 11 25 8
8 11 26 5
8 11 27 8
8 11 28 5
8 11 29 8
8 11 3 9
8 11 30 5
8 11 31 8
8 11 32 6
8 11 33 6
8 11 34 6
8 11 35 6
8 11 36 6
8 11 37 6
8 11 38 6
8 11 39 6
8 11 4 5
8 11 40 6
8 11 41 6
8 11 42 6
8 11 43 6
8 11 44 6
8 11 45 6
8 11 46 6
8 11 47 6
8 11 48 6
8 11 49 6
8 11 5 9
8 11 50 6
8 11 51 6
8 11 52 6
8 11 53 6
8 11 54 6
8 11 55 6
8 11 56 6
8 11 57 6
8 11 58 6
8 11 59 6
8 11 6 5
8 11 60 6
8 11 61 6
8 11 62 6
8 11 63 6
8 11 7 9
8 11 8 5
8 11 9 9
8 12 0 6
8 12 1 9
8 12 10 6
8 12 11 9
8 12 12 6
8 12 13 9
8 12 14 6
8 12 15 9
8 12 16 6
8 12 17 9
8 12 18 6
8 12 19 9
8 12 2 6
8 12 20 6
8 12 21 9
8 12 22 5
8 12 23 9
8 12 24 5
8 12 25 9
8 12 26 6
8 12 27 9
8 12 28 6
8 12 29 9
8 12 3 9
8 12 30 6
8 12 31 9
8 12 32 6
8 12 33 6
8 12 34 6
8 12 35 6
8 12 36 6
8 12 37 6
8 12 38 6
8 12 39 6
8 12 4 6
8 12 40 6
8 12 41 6
8 12 42 6
8 12 43 6
8 12 44 6
8 12 45 6
8 12 46 6
8 12 47 6
8 12 48 6
8 12 49 6
8 12 5 9
8 12 50 6
8 12 51 6
8 12 52 6
8 12 53 6
8 12 54 6
8 12 55 6
8 12 56 6
8 12 57 6
8 12 58 7
8 12 59 6
8 12 6 6
8 12 60 6
8 12 61 6
8 12 62 6
8 12 63 6
8 12 7 9
8 12 8 6
8 12 9 9
8 13 0 5
8 13 1 8
8 13 10 6
8 13 11 8
8 13 12 5
8 13 13 8
8 13 14 5
8 13 15 8
8 13 16 5
8 13 17 8
8 13 18 6
8 13 19 8
8 13 2 6
8 13 20 6
8 13 21 8
8 13 22 5
8 13 23 8
8 13 24 5
8 13 25 8
8 13 26 6
8 13 27 8
8 13 28 6
8 13 29 8
8 13 3 8
8 13 30 6
8 13 31 8
8 13 32 6
8 13 33 6
8 13 34 6
8 13 35 6
8 13 36 6
8 13 37 6
8 13 38 6
8 13 39 6
8 13 4 5
8 13 40 6
8 13 41 6
8 13 42 6
8 13 43 6
8 13 44 6
8 13 45 6
8 13 46 6
8 13 47 6
8 13 48 3
8 13 49 3
8 13 5 8
8 13 50 3
8 13 51 2
8 13 52 3
8 13 53 2
8 13 54 3
8 13 55 3
8 13 56 3
8 13 57 3
8 13 58 2
8 13 59 2
8 13 6 6
8 13 60 2
8 13 61 2
8 13 62 2
8 13 63 3
8 13 7 8
8 13 8 5
8 13 9 8
8 14 0 6
8 14 1 8
8 14 10 6
8 14 11 8
8 14 12 6
8 14 13 8
8 14 14 6
8 14 15 8
8 14 16 5
8 14 17 8
8 14 18 5
8 14 19 8
8 14 2 6
8 14 20 5
8 14 21 8
8 14 22 5
8 14 23 8
8 14 24 6
8 14 25 8
8 14 26 5
8 14 27 8
8 14 28 5
8 14 29 8
8 14 3 8
8 14 30 5
8 14 31 8
8 14 32 6
8 14 33 6
8 14 34 6
8 14 35 6
8 14 36 6
8 14 37 6
8 14 38 6
8 14 39 6
8 14 4 6
8 14 40 6
8 14 41 6
8 14 42 6
8 14 43 6
8 14 44 6
8 14 45 6
8 14 46 6
8 14 47 6
8 14 48 3
8 14 49 3
8 14 5 8
8 14 50 3
8 14 51 2
8 14 52 2
8 14 53 3
8 14 54 3
8 14 55 2
8 14 56 3
8 14 57 3
8 14 58 3
8 14 59 3
8 14 6 6
8 14 60 3
8 14 61 4
8 14 62 3
8 14 63 6
8 14 7 8
8 14 8 6
8 14 9 8
8 15 0 6
8 15 1 8
8 15 10 6
8 15 11 8
8 15 12 6
8 15 13 8
8 15 14 6
8 15 15 8
8 15 16 6
8 15 17 8
8 15 18 6
8 15 19 8
8 15 2 6
8 15 20 6
8 15 21 8
8 15 22 6
8 15 23 8
8 15 24 6
8 15 25 8
8 15 26 5
8 15 27 8
8 15 28 6
8 15 29 8
8 15 3 8
8 15 30 5
8 15 31 8
8 15 32 6
8 15 33 6
8 15 34 6
8 15 35 6
8 15 36 6
8 15 37 6
8 15 38 6
8 15 39 6
8 15 4 6
8 15 40 6
8 15 41 6
8 15 42 6
8 15 43 6
8 15 44 6
8 15 45 6
8 15 46 6
8 15 47 6
8 15 48 6
8 15 49 6
8 15 5 8
8 15 50 6
8 15 51 6
8 15 52 6
8 15 53 6
8 15 54 6
8 15 55 7
8 15 56 6
8 15 57 6
8 15 58 6
8 15 59 6
8 15 6 6
8 15 60 6
8 15 61 6
8 15 62 6
8 15 63 6
8 15 7 8
8 15 8 6
8 15 9 8
8 16 0 6
8 16 1 8
8 16 10 6
8 16 11 8
8 16 12 6
8 16 13 8
8 16 14 6
8 16 15 8
8 16 16 6
8 16 17 8
8 16 18 6
8 16 19 8
8 16 2 6
8 16 20 6
8 16 21 8
8 16 22 6
8 16 23 8
8 16 24 6
8 16 25 8
8 16 26 6
8 16 27 8
8 16 28 6
8 16 29 8
8 16 3 8
8 16 30 6
8 16 31 9
8 16 32 6
8 16 33 6
8 16 34 6
8 16 35 6
8 16 36 6
8 16 37 6
8 16 38 6
8 16 39 6
8 16 4 6
8 16 40 6
8 16 41 6
8 16 42 6
8 16 43 6
8 16 44 6
8 16 45 6
8 16 46 6
8 16 47 6
8 16 48 6
8 16 49 6
8 16 5 8
8 16 50 6
8 16 51 6
8 16 52 6
8 16 53 6
8 16 54 6
8 16 55 6
8 16 56 6
8 16 57 6
8 16 58 6
8 16 59 6
8 16 6 6
8 16 60 6
8 16 61 6
8 16 62 6
8 16 63 6
8 16 7 8
8 16 8 6
8 16 9 8
8 17 0 6
8 17 1 8
8 17 10 6
8 17 11 8
8 17 12 6
8 17 13 8
8 17 14 6
8 17 15 8
8 17 16 8
8 17 17 9
8 17 18 4
8 17 19 9
8 17 2 6
8 17 20 8
8 17 21 8
8 17 22 6
8 17 23 8
8 17 24 6
8 17 25 8
8 17 26 6
8 17 27 8
8 17 28 5
8 17 29 8
8 17 3 8
8 17 30 6
8 17 31 8
8 17 32 6
8 17 33 6
8 17 34 6
8 17 35 6
8 17 36 6
8 17 37 6
8 17 38 6
8 17 39 6
8 17 4 6
8 17 40 6
8 17 41 6
8 17 42 6
8 17 43 6
8 17 44 6
8 17 45 6
8 17 46 6
8 17 47 41
8 17 48 44
8 17 49 6
8 17 5 8
8 17 50 6
8 17 51 6
8 17 52 6
8 17 53 6
8 17 54 6
8 17 55 6
8 17 56 6
8 17 57 6
8 17 58 6
8 17 59 6
8 17 6 6
8 17 60 6
8 17 61 6
8 17 62 6
8 17 63 6
8 17 7 8
8 17 8 6
8 17 9 9
8 18 0 6
8 18 1 9
8 18 10 6
8 18 11 8
8 18 12 6
8 18 13 8
8 18 14 6
8 18 15 8
8 18 16 6
8 18 17 8
8 18 18 6
8 18 19 8
8 18 2 6
8 18 20 6
8 18 21 8
8 18 22 6
8 18 23 8
8 18 24 6
8 18 25 8
8 18 26 6
8 18 27 8
8 18 28 6
8 18 29 8
8 18 3 8
8 18 30 6
8 18 31 8
8 18 32 6
8 18 33 6
8 18 34 6
8 18 35 6
8 18 36 6
8 18 37 6
8 18 38 6
8 18 39 6
8 18 4 6
8 18 40 6
8 18 41 6
8 18 42 6
8 18 43 6
8 18 44 6
8 18 45 6
8 18 46 6
8 18 47 6
8 18 48 6
8 18 49 6
8 18 5 8
8 18 50 6
8 18 51 6
8 18 52 6
8 18 53 6
8 18 54 7
8 18 55 6
8 18 56 6
8 18 57 6
8 18 58 6
8 18 59 6
8 18 6 6
8 18 60 6
8 18 61 6
8 18 62 6
8 18 63 6
8 18 7 8
8 18 8 6
8 18 9 8
8 4 0 5
8 4 1 8
8 4 10 5
8 4 11 8
8 4 12 5
8 4 13 8
8 4 14 5
8 4 15 8
8 4 16 5
8 4 17 8
8 4 18 5
8 4 19 8
8 4 2 5
8 4 20 5
8 4 21 8
8 4 22 5
8 4 23 8
8 4 24 5
8 4 25 8
8 4 26 5
8 4 27 8
8 4 28 5
8 4 29 8
8 4 3 8
8 4 30 5
8 4 31 9
8 4 32 6
8 4 33 6
8 4 34 7
8 4 35 6
8 4 36 6
8 4 37 6
8 4 38 6
8 4 39 6
8 4 4 5
8 4 40 6
8 4 41 6
8 4 42 6
8 4 43 6
8 4 44 6
8 4 45 6
8 4 46 6
8 4 47 6
8 4 48 6
8 4 49 6
8 4 5 9
8 4 50 6
8 4 51 6
8 4 52 6
8 4 53 6
8 4 54 6
8 4 55 6
8 4 56 6
8 4 57 6
8 4 58 6
8 4 59 6
8 4 6 5
8 4 60 6
8 4 61 6
8 4 62 7
8 4 63 6
8 4 7 8
8 4 8 5
8 4 9 8
8 5 0 5
8 5 1 8
8 5 10 5
8 5 11 8
8 5 12 5
8 5 13 8
8 5 14 5
8 5 15 8
8 5 16 5
8 5 17 8
8 5 18 5
8 5 19 8
8 5 2 5
8 5 20 5
8 5 21 8
8 5 22 5
8 5 23 9
8 5 24 5
8 5 25 8
8 5 26 5
8 5 27 8
8 5 28 5
8 5 29 8
8 5 3 8
8 5 30 5
8 5 31 8
8 5 32 6
8 5 33 6
8 5 34 6
8 5 35 6
8 5 36 6
8 5 37 6
8 5 38 6
8 5 39 6
8 5 4 5
8 5 40 6
8 5 41 6
8 5 42 6
8 5 43 6
8 5 44 6
8 5 45 6
8 5 46 6
8 5 47 6
8 5 48 6
8 5 49 6
8 5 5 8
8 5 50 6
8 5 51 6
8 5 52 6
8 5 53 6
8 5 54 6
8 5 55 6
8 5 56 6
8 5 57 6
8 5 58 6
8 5 59 6
8 5 6 5
8 5 60 6
8 5 61 6
8 5 62 6
8 5 63 6
8 5 7 8
8 5 8 5
8 5 9 8
8 6 0 5
8 6 1 9
8 6 10 5
8 6 11 9
8 6 12 5
8 6 13 9
8 6 14 5
8 6 15 9
8 6 16 5
8 6 17 9
8 6 18 5
8 6 19 9
8 6 2 5
8 6 20 5
8 6 21 9
8 6 22 5
8 6 23 9
8 6 24 5
8 6 25 9
8 6 26 5
8 6 27 9
8 6 28 5
8 6 29 9
8 6 3 9
8 6 30 5
8 6 31 8
8 6 32 6
8 6 33 6
8 6 34 6
8 6 35 6
8 6 36 6
8 6 37 6
8 6 38 6
8 6 39 6
8 6 4 5
8 6 40 6
8 6 41 6
8 6 42 6
8 6 43 6
8 6 44 6
8 6 45 6
8 6 46 6
8 6 47 6
8 6 48 2
8 6 49 3
8 6 5 9
8 6 50 3
8 6 51 2
8 6 52 3
8 6 53 2
8 6 54 3
8 6 55 3
8 6 56 2
8 6 57 2
8 6 58 3
8 6 59 3
8 6 6 5
8 6 60 3
8 6 61 2
8 6 62 2
8 6 63 3
8 6 7 9
8 6 8 5
8 6 9 9
8 7 0 5
8 7 1 8
8 7 10 5
8 7 11 8
8 7 12 5
8 7 13 8
8 7 14 5
8 7 15 8
8 7 16 5
8 7 17 8
8 7 18 5
8 7 19 8
8 7 2 5
8 7 20 5
8 7 21 8
8 7 22 5
8 7 23 8
8 7 24 5
8 7 25 8
8 7 26 5
8 7 27 8
8 7 28 5
8 7 29 8
8 7 3 8
8 7 30 5
8 7 31 9
8 7 32 6
8 7 33 6
8 7 34 6
8 7 35 6
8 7 36 6
8 7 37 6
8 7 38 6
8 7 39 6
8 7 4 5
8 7 40 6
8 7 41 6
8 7 42 6
8 7 43 6
8 7 44 6
8 7 45 6
8 7 46 6
8 7 47 6
8 7 48 6
8 7 49 6
8 7 5 8
8 7 50 6
8 7 51 6
8 7 52 6
8 7 53 6
8 7 54 6
8 7 55 6
8 7 56 6
8 7 57 6
8 7 58 6
8 7 59 6
8 7 6 5
8 7 60 6
8 7 61 6
8 7 62 6
8 7 63 6
8 7 7 8
8 7 8 5
8 7 9 8
8 8 0 5
8 8 1 8
8 8 10 5
8 8 11 8
8 8 12 5
8 8 13 8
8 8 14 5
8 8 15 8
8 8 16 3
8 8 17 2
8 8 18 2
8 8 19 2
8 8 2 5
8 8 20 2
8 8 21 2
8 8 22 2
8 8 23 2
8 8 24 2
8 8 25 3
8 8 26 2
8 8 27 2
8 8 28 2
8 8 29 2
8 8 3 8
8 8 30 2
8 8 31 2
8 8 32 6
8 8 33 6
8 8 34 6
8 8 35 6
8 8 36 6
8 8 37 6
8 8 38 6
8 8 39 6
8 8 4 5
8 8 40 6
8 8 41 6
8 8 42 6
8 8 43 6
8 8 44 6
8 8 45 6
8 8 46 6
8 8 47 6
8 8 48 6
8 8 49 6
8 8 5 8
8 8 50 6
8 8 51 6
8 8 52 6
8 8 53 7
8 8 54 6
8 8 55 6
8 8 56 6
8 8 57 6
8 8 58 6
8 8 59 6
8 8 6 5
8 8 60 6
8 8 61 6
8 8 62 6
8 8 63 6
8 8 7 8
8 8 8 5
8 8 9 8
8 9 0 6
8 9 1 9
8 9 10 6
8 9 11 8
8 9 12 6
8 9 13 8
8 9 14 6
8 9 15 9
8 9 16 5
8 9 17 8
8 9 18 5
8 9 19 8
8 9 2 6
8 9 20 5
8 9 21 8
8 9 22 5
8 9 23 8
8 9 24 5
8 9 25 8
8 9 26 5
8 9 27 8
8 9 28 5
8 9 29 8
8 9 3 8
8 9 30 5
8 9 31 8
8 9 32 6
8 9 33 6
8 9 34 6
8 9 35 6
8 9 36 6
8 9 37 6
8 9 38 6
8 9 39 6
8 9 4 6
8 9 40 6
8 9 41 6
8 9 42 6
8 9 43 6
8 9 44 6
8 9 45 6
8 9 46 6
8 9 47 6
8 9 48 6
8 9 49 6
8 9 5 8
8 9 50 6
8 9 51 6
8 9 52 6
8 9 53 6
8 9 54 6
8 9 55 6
8 9 56 6
8 9 57 6
8 9 58 6
8 9 59 6
8 9 6 6
8 9 60 6
8 9 61 6
8 9 62 6
8 9 63 6
8 9 7 8
8 9 8 6
8 9 9 9
9 10 0 8
9 10 1 8
9 10 10 8
9 10 11 8
9 10 12 8
9 10 13 8
9 10 14 8
9 10 15 8
9 10 16 8
9 10 17 8
9 10 18 8
9 10 19 8
9 10 2 8
9 10 20 8
9 10 21 8
9 10 22 8
9 10 23 8
9 10 24 8
9 10 25 8
9 10 26 8
9 10 27 8
9 10 28 8
9 10 29 8
9 10 3 8
9 10 30 15
9 10 31 4
9 10 32 7
9 10 33 7
9 10 34 7
9 10 35 7
9 10 36 7
9 10 37 7
9 10 38 7
9 10 39 7
9 10 4 8
9 10 40 7
9 10 41 7
9 10 42 7
9 10 43 7
9 10 44 7
9 10 45 8
9 10 46 7
9 10 47 7
9 10 48 8
9 10 49 8
9 10 5 8
9 10 50 8
9 10 51 8
9 10 52 8
9 10 53 8
9 10 54 7
9 10 55 7
9 10 56 8
9 10 57 8
9 10 58 8
9 10 59 8
9 10 6 8
9 10 60 8
9 10 61 8
9 10 62 8
9 10 63 8
9 10 7 8
9 10 8 8
9 10 9 8
9 11 0 4
9 11 1 5
9 11 10 5
9 11 11 4
9 11 12 4
9 11 13 5
9 11 14 4
9 11 15 5
9 11 16 4
9 11 17 4
9 11 18 4
9 11 19 5
9 11 2 4
9 11 20 4
9 11 21 5
9 11 22 5
9 11 23 5
9 11 24 5
9 11 25 4
9 11 26 4
9 11 27 4
9 11 28 5
9 11 29 4
9 11 3 4
9 11 30 5
9 11 31 5
9 11 32 14
9 11 33 8
9 11 34 8
9 11 35 8
9 11 36 8
9 11 37 8
9 11 38 8
9 11 39 8
9 11 4 5
9 11 40 8
9 11 41 8
9 11 42 8
9 11 43 8
9 11 44 8
9 11 45 8
9 11 46 8
9 11 47 8
9 11 48 8
9 11 49 8
9 11 5 4
9 11 50 8
9 11 51 8
9 11 52 8
9 11 53 8
9 11 54 8
9 11 55 8
9 11 56 8
9 11 57 8
9 11 58 8
9 11 59 8
9 11 6 4
9 11 60 8
9 11 61 8
9 11 62 8
9 11 63 8
9 11 7 4
9 11 8 5
9 11 9 5
9 12 0 4
9 12 1 4
9 12 10 4
9 12 11 5
9 12 12 4
9 12 13 5
9 12 14 5
9 12 15 5
9 12 16 5
9 12 17 5
9 12 18 5
9 12 19 5
9 12 2 5
9 12 20 5
9 12 21 5
9 12 22 6
9 12 23 5
9 12 24 5
9 12 25 5
9 12 26 5
9 12 27 5
9 12 28 5
9 12 29 5
9 12 3 4
9 12 30 5
9 12 31 5
9 12 32 4
9 12 33 5
9 12 34 4
9 12 35 4
9 12 36 4
9 12 37 4
9 12 38 4
9 12 39 4
9 12 4 5
9 12 40 4
9 12 41 4
9 12 42 5
9 12 43 5
9 12 44 5
9 12 45 5
9 12 46 5
9 12 47 5
9 12 48 4
9 12 49 5
9 12 5 5
9 12 50 4
9 12 51 5
9 12 52 5
9 12 53 4
9 12 54 5
9 12 55 4
9 12 56 5
9 12 57 5
9 12 58 5
9 12 59 5
9 12 6 5
9 12 60 5
9 12 61 5
9 12 62 5
9 12 63 5
9 12 7 4
9 12 8 5
9 12 9 5
9 13 0 5
9 13 1 5
9 13 10 5
9 13 11 5
9 13 12 5
9 13 13 5
9 13 14 5
9 13 15 5
9 13 16 5
9 13 17 5
9 13 18 5
9 13 19 5
9 13 2 5
9 13 20 5
9 13 21 5
9 13 22 5
9 13 23 5
9 13 24 5
9 13 25 5
9 13 26 5
9 13 27 5
9 13 28 5
9 13 29 5
9 13 3 5
9 13 30 5
9 13 31 5
9 13 32 5
9 13 33 5
9 13 34 5
9 13 35 5
9 13 36 5
9 13 37 5
9 13 38 5
9 13 39 6
9 13 4 5
9 13 40 5
9 13 41 5
9 13 42 5
9 13 43 5
9 13 44 5
9 13 45 5
9 13 46 5
9 13 47 5
9 13 48 5
9 13 49 5
9 13 5 5
9 13 50 5
9 13 51 5
9 13 52 5
9 13 53 5
9 13 54 5
9 13 55 5
9 13 56 5
9 13 57 5
9 13 58 5
9 13 59 5
9 13 6 5
9 13 60 5
9 13 61 5
9 13 62 5
9 13 63 5
9 13 7 5
9 13 8 5
9 13 9 5
9 14 0 5
9 14 1 5
9 14 10 4
9 14 11 4
9 14 12 5
9 14 13 3
9 14 14 6
9 14 15 5
9 14 16 6
9 14 17 6
9 14 18 6
9 14 19 6
9 14 2 5
9 14 20 5
9 14 21 5
9 14 22 6
9 14 23 6
9 14 24 6
9 14 25 2
9 14 26 8
9 14 27 6
9 14 28 6
9 14 29 6
9 14 3 5
9 14 30 6
9 14 31 6
9 14 32 5
9 14 33 5
9 14 34 5
9 14 35 5
9 14 36 5
9 14 37 5
9 14 38 5
9 14 39 5
9 14 4 5
9 14 40 5
9 14 41 5
9 14 42 5
9 14 43 5
9 14 44 5
9 14 45 5
9 14 46 5
9 14 47 111
9 14 48 5
9 14 49 5
9 14 5 5
9 14 50 5
9 14 51 5
9 14 52 5
9 14 53 5
9 14 54 5
9 14 55 5
9 14 56 5
9 14 57 5
9 14 58 5
9 14 59 5
9 14 6 5
9 14 60 5
9 14 61 5
9 14 62 5
9 14 63 5
9 14 7 5
9 14 8 5
9 14 9 5
9 15 0 6
9 15 1 5
9 15 10 5
9 15 11 6
9 15 12 6
9 15 13 6
9 15 14 5
9 15 15 6
9 15 16 6
9 15 17 6
9 15 18 6
9 15 19 6
9 15 2 6
9 15 20 6
9 15 21 6
9 15 22 6
9 15 23 6
9 15 24 6
9 15 25 6
9 15 26 6
9 15 27 6
9 15 28 6
9 15 29 6
9 15 3 5
9 15 30 6
9 15 31 6
9 15 32 6
9 15 33 6
9 15 34 6
9 15 35 221
9 15 36 6
9 15 37 6
9 15 38 6
9 15 39 6
9 15 4 6
9 15 40 6
9 15 41 5
9 15 42 6
9 15 43 6
9 15 44 5
9 15 45 6
9 15 46 6
9 15 47 6
9 15 48 6
9 15 49 6
9 15 5 6
9 15 50 6
9 15 51 6
9 15 52 6
9 15 53 6
9 15 54 6
9 15 55 6
9 15 56 6
9 15 57 6
9 15 58 6
9 15 59 6
9 15 6 6
9 15 60 6
9 15 61 6
9 15 62 6
9 15 63 6
9 15 7 5
9 15 8 5
9 15 9 5
9 16 0 117
9 16 1 8
9 16 10 107
9 16 11 8
9 16 12 105
9 16 13 9
9 16 14 105
9 16 15 8
9 16 16 101
9 16 17 9
9 16 18 106
9 16 19 826
9 16 2 111
9 16 20 110
9 16 21 9
9 16 22 107
9 16 23 8
9 16 24 105
9 16 25 8
9 16 26 106
9 16 27 8
9 16 28 109
9 16 29 8
9 16 3 8
9 16 30 9
9 16 31 8
9 16 32 6
9 16 33 6
9 16 34 6
9 16 35 6
9 16 36 6
9 16 37 6
9 16 38 6
9 16 39 6
9 16 4 109
9 16 40 6
9 16 41 6
9 16 42 6
9 16 43 6
9 16 44 6
9 16 45 6
9 16 46 6
9 16 47 6
9 16 48 6
9 16 49 9
9 16 5 8
9 16 50 46
9 16 51 3
9 16 52 4
9 16 53 9
9 16 54 6
9 16 55 6
9 16 56 6
9 16 57 6
9 16 58 6
9 16 59 6
9 16 6 106
9 16 60 6
9 16 61 6
9 16 62 6
9 16 63 6
9 16 7 8
9 16 8 105
9 16 9 8
9 17 0 5
9 17 1 8
9 17 10 5
9 17 11 8
9 17 12 5
9 17 13 8
9 17 14 5
9 17 15 8
9 17 16 4
9 17 17 8
9 17 18 5
9 17 19 8
9 17 2 5
9 17 20 4
9 17 21 8
9 17 22 4
9 17 23 8
9 17 24 5
9 17 25 9
9 17 26 5
9 17 27 8
9 17 28 4
9 17 29 8
9 17 3 8
9 17 30 5
9 17 31 8
9 17 32 6
9 17 33 6
9 17 34 6
9 17 35 6
9 17 36 9
9 17 37 29
9 17 38 2
9 17 39 30
9 17 4 5
9 17 40 8
9 17 41 6
9 17 42 6
9 17 43 6
9 17 44 6
9 17 45 6
9 17 46 6
9 17 47 6
9 17 48 6
9 17 49 6
9 17 5 8
9 17 50 6
9 17 51 6
9 17 52 6
9 17 53 6
9 17 54 7
9 17 55 6
9 17 56 6
9 17 57 6
9 17 58 6
9 17 59 6
9 17 6 5
9 17 60 6
9 17 61 6
9 17 62 6
9 17 63 6
9 17 7 8
9 17 8 5
9 17 9 9
9 18 0 5
9 18 1 9
9 18 10 5
9 18 11 8
9 18 12 5
9 18 13 8
9 18 14 5
9 18 15 8
9 18 16 5
9 18 17 8
9 18 18 5
9 18 19 8
9 18 2 5
9 18 20 5
9 18 21 8
9 18 22 5
9 18 23 8
9 18 24 5
9 18 25 8
9 18 26 5
9 18 27 8
9 18 28 4
9 18 29 8
9 18 3 8
9 18 30 4
9 18 31 8
9 18 32 6
9 18 33 6
9 18 34 6
9 18 35 6
9 18 36 6
9 18 37 6
9 18 38 6
9 18 39 117
9 18 4 5
9 18 40 6
9 18 41 6
9 18 42 6
9 18 43 6
9 18 44 6
9 18 45 6
9 18 46 6
9 18 47 6
9 18 48 6
9 18 49 6
9 18 5 8
9 18 50 3
9 18 51 6
9 18 52 2
9 18 53 6
9 18 54 6
9 18 55 6
9 18 56 6
9 18 57 7
9 18 58 6
9 18 59 6
9 18 6 5
9 18 60 6
9 18 61 6
9 18 62 6
9 18 63 6
9 18 7 8
9 18 8 5
9 18 9 8
9 5 0 4
9 5 1 4
9 5 10 4
9 5 11 5
9 5 12 4
9 5 13 4
9 5 14 5
9 5 15 4
9 5 16 5
9 5 17 4
9 5 18 4
9 5 19 4
9 5 2 4
9 5 20 4
9 5 21 5
9 5 22 4
9 5 23 5
9 5 24 4
9 5 25 4
9 5 26 5
9 5 27 4
9 5 28 4
9 5 29 4
9 5 3 4
9 5 30 4
9 5 31 4
9 5 32 2
9 5 33 2
9 5 34 2
9 5 35 2
9 5 36 2
9 5 37 2
9 5 38 2
9 5 39 2
9 5 4 4
9 5 40 2
9 5 41 2
9 5 42 2
9 5 43 2
9 5 44 2
9 5 45 2
9 5 46 2
9 5 47 2
9 5 48 2
9 5 49 2
9 5 5 4
9 5 50 2
9 5 51 2
9 5 52 2
9 5 53 2
9 5 54 2
9 5 55 2
9 5 56 2
9 5 57 2
9 5 58 2
9 5 59 2
9 5 6 5
9 5 60 2
9 5 61 2
9 5 62 2
9 5 63 2
9 5 7 5
9 5 8 4
9 5 9 5
9 6 0 6
9 6 1 6
9 6 10 6
9 6 11 6
9 6 12 6
9 6 13 6
9 6 14 6
9 6 15 6
9 6 16 6
9 6 17 6
9 6 18 6
9 6 19 6
9 6 2 6
9 6 20 6
9 6 21 6
9 6 22 6
9 6 23 6
9 6 24 6
9 6 25 6
9 6 26 6
9 6 27 6
9 6 28 6
9 6 29 6
9 6 3 6
9 6 30 6
9 6 31 6
9 6 32 4
9 6 33 4
9 6 34 4
9 6 35 4
9 6 36 4
9 6 37 4
9 6 38 4
9 6 39 5
9 6 4 6
9 6 40 5
9 6 41 4
9 6 42 4
9 6 43 4
9 6 44 4
9 6 45 5
9 6 46 5
9 6 47 5
9 6 48 4
9 6 49 4
9 6 5 6
9 6 50 4
9 6 51 4
9 6 52 4
9 6 53 4
9 6 54 4
9 6 55 4
9 6 56 4
9 6 57 4
9 6 58 4
9 6 59 4
9 6 6 6
9 6 60 5
9 6 61 5
9 6 62 4
9 6 63 4
9 6 7 6
9 6 8 6
9 6 9 6
9 7 0 6
9 7 1 7
9 7 10 7
9 7 11 6
9 7 12 6
9 7 13 6
9 7 14 6
9 7 15 6
9 7 16 6
9 7 17 6
9 7 18 6
9 7 19 6
9 7 2 6
9 7 20 6
9 7 21 6
9 7 22 6
9 7 23 6
9 7 24 7
9 7 25 7
9 7 26 6
9 7 27 7
9 7 28 7
9 7 29 6
9 7 3 6
9 7 30 6
9 7 31 7
9 7 32 4
9 7 33 4
9 7 34 4
9 7 35 4
9 7 36 4
9 7 37 4
9 7 38 4
9 7 39 4
9 7 4 7
9 7 40 4
9 7 41 4
9 7 42 4
9 7 43 4
9 7 44 4
9 7 45 4
9 7 46 4
9 7 47 4
9 7 48 4
9 7 49 4
9 7 5 6
9 7 50 4
9 7 51 4
9 7 52 4
9 7 53 4
9 7 54 4
9 7 55 4
9 7 56 4
9 7 57 4
9 7 58 4
9 7 59 4
9 7 6 6
9 7 60 6
9 7 61 17
9 7 62 9
9 7 63 5
9 7 7 6
9 7 8 6
9 7 9 6
9 8 0 6
9 8 1 6
9 8 10 6
9 8 11 6
9 8 12 6
9 8 13 6
9 8 14 6
9 8 15 7
9 8 16 4
9 8 17 7
9 8 18 6
9 8 19 6
9 8 2 6
9 8 20 6
9 8 21 6
9 8 22 7
9 8 23 6
9 8 24 7
9 8 25 7
9 8 26 6
9 8 27 7
9 8 28 7
9 8 29 6
9 8 3 6
9 8 30 7
9 8 31 6
9 8 32 6
9 8 33 6
9 8 34 6
9 8 35 6
9 8 36 6
9 8 37 6
9 8 38 6
9 8 39 6
9 8 4 6
9 8 40 6
9 8 41 6
9 8 42 6
9 8 43 6
9 8 44 7
9 8 45 6
9 8 46 6
9 8 47 6
9 8 48 7
9 8 49 7
9 8 5 7
9 8 50 7
9 8 51 6
9 8 52 6
9 8 53 7
9 8 54 6
9 8 55 6
9 8 56 6
9 8 57 7
9 8 58 7
9 8 59 7
9 8 6 6
9 8 60 6
9 8 61 7
9 8 62 7
9 8 63 7
9 8 7 6
9 8 8 7
9 8 9 6
9 9 0 7
9 9 1 7
9 9 10 7
9 9 11 7
9 9 12 7
9 9 13 7
9 9 14 7
9 9 15 7
9 9 16 7
9 9 17 7
9 9 18 7
9 9 19 7
9 9 2 7
9 9 20 7
9 9 21 7
9 9 22 7
9 9 23 7
9 9 24 7
9 9 25 7
9 9 26 7
9 9 27 7
9 9 28 7
9 9 29 7
9 9 3 7
9 9 30 7
9 9 31 7
9 9 32 6
9 9 33 7
9 9 34 7
9 9 35 7
9 9 36 7
9 9 37 7
9 9 38 7
9 9 39 6
9 9 4 7
9 9 40 7
9 9 41 7
9 9 42 7
9 9 43 7
9 9 44 7
9 9 45 7
9 9 46 7
9 9 47 7
9 9 48 7
9 9 49 6
9 9 5 7
9 9 50 7
9 9 51 6
9 9 52 7
9 9 53 7
9 9 54 7
9 9 55 7
9 9 56 7
9 9 57 7
9 9 58 6
9 9 59 7
9 9 6 7
9 9 60 7
9 9 61 7
9 9 62 7
9 9 63 7
9 9 7 7
9 9 8 7
9 9 9 7
